  1001 base-pairs
   0  step parameters
      shift   slide    rise    tilt    roll   twist
A-T    0.00    0.00    0.00    0.00    0.00    0.00
A-T      0.000    0.000    3.400    0.686    1.141   36.525
A-T      0.000    0.000    3.400   -3.706   -5.830   33.399
A-T      0.000    0.000    3.400   -3.232    3.568   38.500
A-T      0.000    0.000    3.400    8.170    1.237   32.035
A-T      0.000    0.000    3.400   -6.838    3.529   31.336
A-T      0.000    0.000    3.400    0.742   -4.671   36.935
A-T      0.000    0.000    3.400    0.399   -2.409   27.292
A-T      0.000    0.000    3.400    6.266    6.115   36.231
A-T      0.000    0.000    3.400  -14.215   -2.752   37.442
A-T      0.000    0.000    3.400   -3.690    7.128   36.148
A-T      0.000    0.000    3.400   -2.585    8.735   25.123
A-T      0.000    0.000    3.400   -2.006    0.711   37.104
A-T      0.000    0.000    3.400   -3.697   -2.762   33.058
A-T      0.000    0.000    3.400   -2.207    8.012   38.000
A-T      0.000    0.000    3.400    4.798    0.564   33.887
A-T      0.000    0.000    3.400    0.582   -0.117   31.349
A-T      0.000    0.000    3.400    5.729    1.335   37.371
A-T      0.000    0.000    3.400   -8.699   16.610   34.117
A-T      0.000    0.000    3.400   -4.743    3.356   39.586
A-T      0.000    0.000    3.400   -8.535   -8.043   37.322
A-T      0.000    0.000    3.400    0.471    1.525   34.201
A-T      0.000    0.000    3.400   -0.142   -2.573   36.165
A-T      0.000    0.000    3.400   -2.720   -3.486   32.914
A-T      0.000    0.000    3.400    9.858    3.306   40.148
A-T      0.000    0.000    3.400    8.760  -10.390   32.879
A-T      0.000    0.000    3.400   -2.683   -4.159   29.549
A-T      0.000    0.000    3.400   -4.463    1.162   28.186
A-T      0.000    0.000    3.400   -2.510   -9.362   36.558
A-T      0.000    0.000    3.400   -3.281   -6.019   38.860
A-T      0.000    0.000    3.400    2.724    2.145   27.462
A-T      0.000    0.000    3.400   -2.518   -1.055   38.899
A-T      0.000    0.000    3.400   -2.808   -2.559   34.753
A-T      0.000    0.000    3.400    2.558   -4.175   36.351
A-T      0.000    0.000    3.400    6.002    2.916   32.264
A-T      0.000    0.000    3.400   -2.706   12.488   25.947
A-T      0.000    0.000    3.400  -14.300    3.307   38.397
A-T      0.000    0.000    3.400    5.068    2.166   30.974
A-T      0.000    0.000    3.400  -12.238   13.871   35.201
A-T      0.000    0.000    3.400    3.506   -1.407   36.583
A-T      0.000    0.000    3.400   -0.306   -0.499   34.070
A-T      0.000    0.000    3.400    2.468   -0.042   34.795
A-T      0.000    0.000    3.400   -6.087   -7.682   38.954
A-T      0.000    0.000    3.400    1.370   -2.227   33.714
A-T      0.000    0.000    3.400    4.124    2.503   36.507
A-T      0.000    0.000    3.400    1.679   -1.323   34.610
A-T      0.000    0.000    3.400   -2.810   -5.260   35.192
A-T      0.000    0.000    3.400    3.406   -1.976   38.907
A-T      0.000    0.000    3.400   -9.420   -1.586   33.187
A-T      0.000    0.000    3.400    1.669    1.813   31.772
A-T      0.000    0.000    3.400    4.794   -2.729   35.417
A-T      0.000    0.000    3.400    2.154   -0.592   34.804
A-T      0.000    0.000    3.400    2.012   -9.351   38.585
A-T      0.000    0.000    3.400    4.880    5.308   35.087
A-T      0.000    0.000    3.400   -0.004    0.291   30.839
A-T      0.000    0.000    3.400  -11.818    4.799   41.143
A-T      0.000    0.000    3.400    0.262   14.235   34.819
A-T      0.000    0.000    3.400   -0.341  -11.807   28.923
A-T      0.000    0.000    3.400    0.911   -2.695   35.069
A-T      0.000    0.000    3.400    7.012    0.053   26.803
A-T      0.000    0.000    3.400    4.075   -0.462   31.351
A-T      0.000    0.000    3.400  -14.917    2.130   34.053
A-T      0.000    0.000    3.400  -10.502    2.353   34.818
A-T      0.000    0.000    3.400   -4.676   -2.116   30.054
A-T      0.000    0.000    3.400   -7.342    5.011   37.963
A-T      0.000    0.000    3.400    1.198   -9.255   40.962
A-T      0.000    0.000    3.400    3.669    3.249   39.715
A-T      0.000    0.000    3.400   10.815   -5.766   32.484
A-T      0.000    0.000    3.400    5.554   -4.436   34.147
A-T      0.000    0.000    3.400   -3.553    1.622   38.546
A-T      0.000    0.000    3.400    7.179   12.640   30.817
A-T      0.000    0.000    3.400    5.819    1.001   31.326
A-T      0.000    0.000    3.400   -4.914    5.071   36.593
A-T      0.000    0.000    3.400    1.526   -1.183   36.629
A-T      0.000    0.000    3.400    1.192    4.529   37.717
A-T      0.000    0.000    3.400   -1.294   -1.518   33.455
A-T      0.000    0.000    3.400   -0.820   -0.353   35.200
A-T      0.000    0.000    3.400    0.064   -1.712   32.104
A-T      0.000    0.000    3.400    0.714    6.851   25.257
A-T      0.000    0.000    3.400    9.223    3.148   28.431
A-T      0.000    0.000    3.400  -13.817   -4.458   36.620
A-T      0.000    0.000    3.400   -5.225    2.419   31.606
A-T      0.000    0.000    3.400   -2.969    3.964   32.721
A-T      0.000    0.000    3.400   -6.894  -14.252   34.985
A-T      0.000    0.000    3.400    3.125  -10.330   34.032
A-T      0.000    0.000    3.400   -2.130   -7.606   38.563
A-T      0.000    0.000    3.400    3.438   -4.998   34.733
A-T      0.000    0.000    3.400   -1.835    3.305   28.266
A-T      0.000    0.000    3.400    5.180   14.509   35.998
A-T      0.000    0.000    3.400   -2.546   -1.226   31.002
A-T      0.000    0.000    3.400   -1.743   -4.249   41.699
A-T      0.000    0.000    3.400   -0.577    2.509   38.843
A-T      0.000    0.000    3.400    0.834    3.340   37.063
A-T      0.000    0.000    3.400    8.237   -2.913   31.417
A-T      0.000    0.000    3.400    1.147   11.760   35.530
A-T      0.000    0.000    3.400   13.021   -3.642   33.119
A-T      0.000    0.000    3.400    4.567   -1.749   29.372
A-T      0.000    0.000    3.400    6.102    1.618   34.513
A-T      0.000    0.000    3.400    1.617   -4.811   36.243
A-T      0.000    0.000    3.400  -14.223  -10.514   37.237
A-T      0.000    0.000    3.400   -3.268   -3.831   30.251
A-T      0.000    0.000    3.400    4.791    5.950   33.765
A-T      0.000    0.000    3.400   -2.357   -3.133   27.682
A-T      0.000    0.000    3.400   -2.930   13.958   35.322
A-T      0.000    0.000    3.400   -7.579    3.290   26.505
A-T      0.000    0.000    3.400   -2.797    3.952   38.401
A-T      0.000    0.000    3.400    9.469   -0.435   36.580
A-T      0.000    0.000    3.400    1.200    2.911   21.775
A-T      0.000    0.000    3.400   -1.234   -2.093   41.100
A-T      0.000    0.000    3.400   -5.405   -0.619   37.736
A-T      0.000    0.000    3.400    0.124    5.806   22.584
A-T      0.000    0.000    3.400    5.943    3.163   40.381
A-T      0.000    0.000    3.400    1.423   -1.944   36.871
A-T      0.000    0.000    3.400    4.764   -6.376   40.247
A-T      0.000    0.000    3.400    6.274   -0.238   32.296
A-T      0.000    0.000    3.400    2.166    6.807   36.682
A-T      0.000    0.000    3.400    3.370   -0.566   38.727
A-T      0.000    0.000    3.400   -4.543    8.254   31.596
A-T      0.000    0.000    3.400    3.016    2.259   33.462
A-T      0.000    0.000    3.400    0.382    2.116   40.340
A-T      0.000    0.000    3.400   -0.850    0.980   35.291
A-T      0.000    0.000    3.400    4.010    0.204   32.347
A-T      0.000    0.000    3.400   -5.872   -1.695   31.362
A-T      0.000    0.000    3.400    5.656   -4.492   25.296
A-T      0.000    0.000    3.400    1.825   -3.211   31.932
A-T      0.000    0.000    3.400    4.516   -5.530   41.127
A-T      0.000    0.000    3.400    1.223   -1.796   30.317
A-T      0.000    0.000    3.400   -0.675    9.985   35.044
A-T      0.000    0.000    3.400    1.539    2.225   33.413
A-T      0.000    0.000    3.400    6.206    6.183   36.168
A-T      0.000    0.000    3.400    0.819   -1.325   32.251
A-T      0.000    0.000    3.400   -0.913    4.579   31.487
A-T      0.000    0.000    3.400   -6.633    6.362   27.786
A-T      0.000    0.000    3.400   -3.933    2.825   33.878
A-T      0.000    0.000    3.400    9.312    1.124   35.801
A-T      0.000    0.000    3.400    1.710    0.071   36.280
A-T      0.000    0.000    3.400    0.183   -7.618   25.377
A-T      0.000    0.000    3.400    2.152   -1.300   34.845
A-T      0.000    0.000    3.400   -0.964    3.371   37.995
A-T      0.000    0.000    3.400   -5.520    0.806   33.654
A-T      0.000    0.000    3.400   -1.711    1.617   35.803
A-T      0.000    0.000    3.400   12.587   -0.438   42.381
A-T      0.000    0.000    3.400    5.431    5.687   25.602
A-T      0.000    0.000    3.400   -5.394    3.327   30.506
A-T      0.000    0.000    3.400    0.593  -10.710   35.640
A-T      0.000    0.000    3.400   -1.199   -0.739   38.213
A-T      0.000    0.000    3.400    1.647    1.598   33.716
A-T      0.000    0.000    3.400   -0.629   -4.481   39.047
A-T      0.000    0.000    3.400   -0.121   -9.579   34.940
A-T      0.000    0.000    3.400    5.938   -5.391   33.096
A-T      0.000    0.000    3.400   -2.945    4.352   33.071
A-T      0.000    0.000    3.400    0.947    1.183   28.958
A-T      0.000    0.000    3.400    3.495   -2.407   40.636
A-T      0.000    0.000    3.400    7.620   -0.221   30.473
A-T      0.000    0.000    3.400    2.181    5.011   34.317
A-T      0.000    0.000    3.400   -1.292    3.706   29.281
A-T      0.000    0.000    3.400  -10.978   -8.374   33.895
A-T      0.000    0.000    3.400   -3.869   -6.286   31.448
A-T      0.000    0.000    3.400    1.503   -4.075   37.279
A-T      0.000    0.000    3.400    4.575   -1.759   37.823
A-T      0.000    0.000    3.400    4.260   -1.398   37.471
A-T      0.000    0.000    3.400    2.543    6.928   29.012
A-T      0.000    0.000    3.400    2.882   -3.043   35.957
A-T      0.000    0.000    3.400   -3.434   -0.775   27.751
A-T      0.000    0.000    3.400   -2.714   -0.442   31.686
A-T      0.000    0.000    3.400   -8.490    1.996   43.208
A-T      0.000    0.000    3.400  -10.596   -0.237   38.690
A-T      0.000    0.000    3.400   -8.752    6.969   35.602
A-T      0.000    0.000    3.400   11.465   -8.089   33.729
A-T      0.000    0.000    3.400    1.257    0.316   38.505
A-T      0.000    0.000    3.400    6.119    1.032   41.364
A-T      0.000    0.000    3.400    0.736    2.447   39.134
A-T      0.000    0.000    3.400    1.077    6.217   37.882
A-T      0.000    0.000    3.400   -4.223   -4.055   28.340
A-T      0.000    0.000    3.400    3.146    3.532   30.196
A-T      0.000    0.000    3.400   -5.119    3.972   43.536
A-T      0.000    0.000    3.400    0.993   -0.818   22.953
A-T      0.000    0.000    3.400   -1.585   -2.660   33.767
A-T      0.000    0.000    3.400   -0.073  -11.285   39.376
A-T      0.000    0.000    3.400   -5.258    4.398   31.988
A-T      0.000    0.000    3.400   -2.249    3.478   44.436
A-T      0.000    0.000    3.400    4.339   -4.105   36.674
A-T      0.000    0.000    3.400   12.180   -0.543   25.085
A-T      0.000    0.000    3.400    9.075    7.379   31.920
A-T      0.000    0.000    3.400   -1.134    4.880   37.796
A-T      0.000    0.000    3.400    4.564    3.696   34.787
A-T      0.000    0.000    3.400   -0.025   -3.706   36.482
A-T      0.000    0.000    3.400   -0.185   -2.927   28.575
A-T      0.000    0.000    3.400   -9.085   -3.364   41.465
A-T      0.000    0.000    3.400   -0.987    3.901   29.346
A-T      0.000    0.000    3.400   14.693   -7.138   39.591
A-T      0.000    0.000    3.400    3.158    8.071   31.953
A-T      0.000    0.000    3.400   -3.509   -4.130   29.680
A-T      0.000    0.000    3.400    0.900    1.904   35.366
A-T      0.000    0.000    3.400   -1.567   -1.558   46.058
A-T      0.000    0.000    3.400   -1.806    2.837   33.834
A-T      0.000    0.000    3.400    7.835    0.260   35.618
A-T      0.000    0.000    3.400    8.483   -8.491   30.780
A-T      0.000    0.000    3.400   -0.801    0.637   28.529
A-T      0.000    0.000    3.400    0.005    1.320   29.617
A-T      0.000    0.000    3.400   -5.577    1.837   31.634
A-T      0.000    0.000    3.400    1.652   -2.632   33.277
A-T      0.000    0.000    3.400    8.262   -4.988   24.372
A-T      0.000    0.000    3.400    6.640    7.867   36.412
A-T      0.000    0.000    3.400    0.743    1.333   38.031
A-T      0.000    0.000    3.400   -6.872    8.176   32.668
A-T      0.000    0.000    3.400   -8.222    9.214   33.781
A-T      0.000    0.000    3.400    6.811    0.438   35.884
A-T      0.000    0.000    3.400   -5.426    3.178   34.241
A-T      0.000    0.000    3.400  -10.996    8.642   30.519
A-T      0.000    0.000    3.400    0.549   -6.064   31.320
A-T      0.000    0.000    3.400   -0.963    5.698   29.188
A-T      0.000    0.000    3.400    9.695   -0.838   41.886
A-T      0.000    0.000    3.400    4.645   -0.149   32.960
A-T      0.000    0.000    3.400    2.413   -4.955   32.467
A-T      0.000    0.000    3.400   -0.686    1.791   40.784
A-T      0.000    0.000    3.400    1.901   -7.597   29.864
A-T      0.000    0.000    3.400    2.261   -7.118   35.229
A-T      0.000    0.000    3.400   10.595   -7.626   35.154
A-T      0.000    0.000    3.400    5.057   -6.020   36.963
A-T      0.000    0.000    3.400   -7.955   -9.697   42.703
A-T      0.000    0.000    3.400    0.635  -10.473   39.466
A-T      0.000    0.000    3.400    1.880    6.055   31.995
A-T      0.000    0.000    3.400    3.443   -7.228   28.526
A-T      0.000    0.000    3.400   -7.159    5.400   30.149
A-T      0.000    0.000    3.400   -4.507    5.386   30.126
A-T      0.000    0.000    3.400   -9.723    8.655   34.885
A-T      0.000    0.000    3.400  -11.290    5.596   34.924
A-T      0.000    0.000    3.400   -7.280   -7.020   35.350
A-T      0.000    0.000    3.400   14.331    2.109   41.537
A-T      0.000    0.000    3.400   -0.546    5.950   35.053
A-T      0.000    0.000    3.400   -7.478    4.909   36.743
A-T      0.000    0.000    3.400    0.462   -3.012   37.710
A-T      0.000    0.000    3.400    2.178   -1.885   39.191
A-T      0.000    0.000    3.400    0.618    7.294   44.100
A-T      0.000    0.000    3.400    5.850    8.273   30.978
A-T      0.000    0.000    3.400    7.933   -0.245   39.824
A-T      0.000    0.000    3.400   -4.279   -1.849   41.643
A-T      0.000    0.000    3.400   -0.517   -2.350   36.766
A-T      0.000    0.000    3.400   11.881    0.278   29.638
A-T      0.000    0.000    3.400   -0.303   -2.187   38.600
A-T      0.000    0.000    3.400   10.077    0.699   31.669
A-T      0.000    0.000    3.400   -3.043   -2.518   40.287
A-T      0.000    0.000    3.400   -4.379    2.077   32.159
A-T      0.000    0.000    3.400   -3.925   -0.041   29.822
A-T      0.000    0.000    3.400   -0.637   -2.812   37.046
A-T      0.000    0.000    3.400    5.607   -2.887   41.762
A-T      0.000    0.000    3.400   -1.422   -2.264   32.640
A-T      0.000    0.000    3.400    5.267    5.266   43.506
A-T      0.000    0.000    3.400    2.750    5.026   25.321
A-T      0.000    0.000    3.400   -0.404    5.085   37.499
A-T      0.000    0.000    3.400   -0.079    5.895   29.632
A-T      0.000    0.000    3.400    1.529   -8.283   39.285
A-T      0.000    0.000    3.400    5.563    1.308   39.017
A-T      0.000    0.000    3.400   -1.881    3.120   39.887
A-T      0.000    0.000    3.400   -8.849    1.997   35.226
A-T      0.000    0.000    3.400    0.372   -3.794   42.807
A-T      0.000    0.000    3.400   10.331   -8.147   27.359
A-T      0.000    0.000    3.400    6.245    3.851   34.910
A-T      0.000    0.000    3.400    0.202    0.464   36.926
A-T      0.000    0.000    3.400    4.658   -8.047   38.674
A-T      0.000    0.000    3.400   -0.442    3.861   36.494
A-T      0.000    0.000    3.400    4.425   -3.927   43.962
A-T      0.000    0.000    3.400    3.570   -0.240   36.608
A-T      0.000    0.000    3.400    3.065    0.696   37.515
A-T      0.000    0.000    3.400    1.557   -2.698   25.624
A-T      0.000    0.000    3.400   -1.382   -0.800   35.911
A-T      0.000    0.000    3.400   -5.363    4.223   31.915
A-T      0.000    0.000    3.400    0.527   -1.710   37.345
A-T      0.000    0.000    3.400   -0.690   -0.978   33.463
A-T      0.000    0.000    3.400    0.393   11.613   33.482
A-T      0.000    0.000    3.400   -4.752    9.521   26.123
A-T      0.000    0.000    3.400  -21.471    7.823   37.386
A-T      0.000    0.000    3.400    1.430   -3.811   31.234
A-T      0.000    0.000    3.400   -9.259   -3.257   27.798
A-T      0.000    0.000    3.400  -10.203    3.710   33.645
A-T      0.000    0.000    3.400   -2.525   -4.001   27.097
A-T      0.000    0.000    3.400   -4.891  -11.252   26.314
A-T      0.000    0.000    3.400    5.846   -3.321   34.091
A-T      0.000    0.000    3.400    4.506   -3.140   27.491
A-T      0.000    0.000    3.400   -5.392    0.152   33.398
A-T      0.000    0.000    3.400    9.303   -3.171   32.728
A-T      0.000    0.000    3.400   10.065   -8.545   34.958
A-T      0.000    0.000    3.400   -0.549    3.607   37.061
A-T      0.000    0.000    3.400   -5.945   -2.650   33.753
A-T      0.000    0.000    3.400   -4.297   -6.133   31.802
A-T      0.000    0.000    3.400   -1.560   -4.185   37.308
A-T      0.000    0.000    3.400    5.948    3.556   33.524
A-T      0.000    0.000    3.400    9.225    3.208   33.812
A-T      0.000    0.000    3.400   -3.059   -7.473   44.143
A-T      0.000    0.000    3.400   -8.179    9.843   34.955
A-T      0.000    0.000    3.400    5.452    0.495   30.283
A-T      0.000    0.000    3.400    1.005   -8.412   30.502
A-T      0.000    0.000    3.400   -5.775    0.208   34.021
A-T      0.000    0.000    3.400    0.272    1.221   38.957
A-T      0.000    0.000    3.400    0.248    3.343   28.679
A-T      0.000    0.000    3.400   -1.111    1.163   26.639
A-T      0.000    0.000    3.400   -3.546   -0.247   35.117
A-T      0.000    0.000    3.400    3.355    0.437   34.039
A-T      0.000    0.000    3.400    6.344    0.609   29.944
A-T      0.000    0.000    3.400    1.915   -0.116   34.461
A-T      0.000    0.000    3.400    3.648    4.295   36.954
A-T      0.000    0.000    3.400   -2.710   -1.299   42.735
A-T      0.000    0.000    3.400   -3.125    4.784   32.888
A-T      0.000    0.000    3.400   -4.932    7.388   26.394
A-T      0.000    0.000    3.400    9.679    6.494   31.696
A-T      0.000    0.000    3.400   13.537   14.734   33.010
A-T      0.000    0.000    3.400   -1.306    3.386   30.258
A-T      0.000    0.000    3.400    4.507   13.378   29.935
A-T      0.000    0.000    3.400   10.526    4.538   34.301
A-T      0.000    0.000    3.400   -5.458   -0.632   36.580
A-T      0.000    0.000    3.400    2.744    6.794   41.112
A-T      0.000    0.000    3.400   -3.215    3.381   35.677
A-T      0.000    0.000    3.400    0.975    1.205   30.476
A-T      0.000    0.000    3.400   -4.051    0.394   37.301
A-T      0.000    0.000    3.400    2.516   -2.953   27.444
A-T      0.000    0.000    3.400   -1.755    0.537   31.626
A-T      0.000    0.000    3.400    5.745    4.340   38.845
A-T      0.000    0.000    3.400  -10.329   -4.425   33.159
A-T      0.000    0.000    3.400    0.868  -10.841   36.668
A-T      0.000    0.000    3.400   -6.576   -2.626   35.592
A-T      0.000    0.000    3.400  -11.774    2.497   37.843
A-T      0.000    0.000    3.400    5.197   -5.149   32.449
A-T      0.000    0.000    3.400    4.825   -2.599   30.170
A-T      0.000    0.000    3.400    3.086    2.565   42.100
A-T      0.000    0.000    3.400    5.258   -0.889   34.579
A-T      0.000    0.000    3.400   -9.971    5.637   29.474
A-T      0.000    0.000    3.400    0.365   -3.482   31.756
A-T      0.000    0.000    3.400    3.146   -3.377   31.895
A-T      0.000    0.000    3.400   -7.397    7.530   36.006
A-T      0.000    0.000    3.400    1.704    5.776   30.469
A-T      0.000    0.000    3.400   -1.210    4.763   40.035
A-T      0.000    0.000    3.400   -1.473    2.964   38.693
A-T      0.000    0.000    3.400   -2.804    8.085   30.716
A-T      0.000    0.000    3.400    8.317   -3.964   41.812
A-T      0.000    0.000    3.400    2.593    4.775   38.764
A-T      0.000    0.000    3.400    2.144   -1.260   41.557
A-T      0.000    0.000    3.400   -6.050    4.394   34.829
A-T      0.000    0.000    3.400   -4.759   -6.659   30.993
A-T      0.000    0.000    3.400   -0.197   -1.220   34.448
A-T      0.000    0.000    3.400    3.143   -6.281   39.469
A-T      0.000    0.000    3.400    3.045   -4.398   35.218
A-T      0.000    0.000    3.400   -0.739   -9.371   42.914
A-T      0.000    0.000    3.400    4.170   -1.028   29.822
A-T      0.000    0.000    3.400    1.728   -0.532   31.798
A-T      0.000    0.000    3.400    5.376   -3.675   32.607
A-T      0.000    0.000    3.400   -7.496    3.814   34.248
A-T      0.000    0.000    3.400    6.573   10.670   29.361
A-T      0.000    0.000    3.400   -7.875   -2.018   33.885
A-T      0.000    0.000    3.400   -9.923   -1.425   26.469
A-T      0.000    0.000    3.400   -2.085    7.653   31.377
A-T      0.000    0.000    3.400   -9.826    4.626   29.782
A-T      0.000    0.000    3.400    4.450    7.749   34.570
A-T      0.000    0.000    3.400    2.549    4.459   39.603
A-T      0.000    0.000    3.400   -0.409   -5.780   31.363
A-T      0.000    0.000    3.400   -0.742    2.528   21.813
A-T      0.000    0.000    3.400    6.541    6.490   37.455
A-T      0.000    0.000    3.400   -0.781   -0.269   36.755
A-T      0.000    0.000    3.400    0.869   -9.144   26.378
A-T      0.000    0.000    3.400   -3.303    2.491   30.425
A-T      0.000    0.000    3.400   -4.481    3.240   33.406
A-T      0.000    0.000    3.400   -5.567   -1.326   42.597
A-T      0.000    0.000    3.400    1.963    5.712   30.089
A-T      0.000    0.000    3.400   -2.421   -1.420   30.067
A-T      0.000    0.000    3.400    0.084    0.052   28.576
A-T      0.000    0.000    3.400   12.164   -6.470   36.165
A-T      0.000    0.000    3.400   -0.516   -1.332   28.465
A-T      0.000    0.000    3.400    6.813   -6.470   30.993
A-T      0.000    0.000    3.400    0.578   10.113   34.817
A-T      0.000    0.000    3.400    1.452   -0.156   38.851
A-T      0.000    0.000    3.400    4.040    6.123   30.228
A-T      0.000    0.000    3.400   -2.010    7.917   39.243
A-T      0.000    0.000    3.400    5.291   -1.758   28.799
A-T      0.000    0.000    3.400   -3.238   -7.273   38.675
A-T      0.000    0.000    3.400    1.702   -1.085   34.463
A-T      0.000    0.000    3.400   -4.148    6.745   35.548
A-T      0.000    0.000    3.400   -6.334   -1.822   35.308
A-T      0.000    0.000    3.400    5.787    2.624   36.706
A-T      0.000    0.000    3.400   -2.522   -0.059   42.992
A-T      0.000    0.000    3.400    1.927    3.963   24.927
A-T      0.000    0.000    3.400   -1.440    9.065   37.950
A-T      0.000    0.000    3.400    0.305    0.767   35.337
A-T      0.000    0.000    3.400    5.666   -8.908   32.378
A-T      0.000    0.000    3.400   -4.916   -4.648   32.055
A-T      0.000    0.000    3.400   -1.495   -3.428   32.293
A-T      0.000    0.000    3.400    4.383   -4.547   28.794
A-T      0.000    0.000    3.400    7.568    2.456   37.968
A-T      0.000    0.000    3.400   -7.132   -5.523   42.044
A-T      0.000    0.000    3.400   -3.322   -2.130   40.048
A-T      0.000    0.000    3.400    6.576   -9.021   31.230
A-T      0.000    0.000    3.400    4.166   -5.160   36.843
A-T      0.000    0.000    3.400   -0.198    5.746   34.495
A-T      0.000    0.000    3.400    0.078    0.808   34.846
A-T      0.000    0.000    3.400    3.414   -5.086   29.246
A-T      0.000    0.000    3.400  -14.025   -9.026   35.075
A-T      0.000    0.000    3.400    2.620   -5.746   35.789
A-T      0.000    0.000    3.400   -0.536    1.435   34.589
A-T      0.000    0.000    3.400   -1.020    3.180   30.636
A-T      0.000    0.000    3.400   -9.034   -7.191   36.880
A-T      0.000    0.000    3.400    1.364    7.261   39.891
A-T      0.000    0.000    3.400    1.672   14.686   33.458
A-T      0.000    0.000    3.400    2.108    5.460   39.508
A-T      0.000    0.000    3.400   -5.844    0.454   22.979
A-T      0.000    0.000    3.400   -2.351   13.286   29.330
A-T      0.000    0.000    3.400   -1.627    3.035   32.872
A-T      0.000    0.000    3.400   -4.269   -4.192   35.312
A-T      0.000    0.000    3.400   -2.118   11.604   35.291
A-T      0.000    0.000    3.400   -9.774   -0.807   39.007
A-T      0.000    0.000    3.400   -0.148    2.435   35.013
A-T      0.000    0.000    3.400    4.511    1.527   28.827
A-T      0.000    0.000    3.400    5.005    1.809   36.586
A-T      0.000    0.000    3.400    3.226   -0.175   41.106
A-T      0.000    0.000    3.400   -4.412   -0.624   28.221
A-T      0.000    0.000    3.400   -5.413   -5.781   35.538
A-T      0.000    0.000    3.400    0.269    2.832   38.844
A-T      0.000    0.000    3.400   -3.258   10.465   31.059
A-T      0.000    0.000    3.400   -5.242    4.327   35.721
A-T      0.000    0.000    3.400    0.971   -6.058   33.684
A-T      0.000    0.000    3.400    7.287    3.128   42.263
A-T      0.000    0.000    3.400    6.099   -9.217   32.604
A-T      0.000    0.000    3.400    0.974   -1.424   24.884
A-T      0.000    0.000    3.400   -0.472   -2.970   25.035
A-T      0.000    0.000    3.400    0.735   -9.553   32.503
A-T      0.000    0.000    3.400    5.293    5.657   36.964
A-T      0.000    0.000    3.400    2.987   -3.777   41.556
A-T      0.000    0.000    3.400   -2.537    2.840   42.153
A-T      0.000    0.000    3.400   -2.403    0.323   40.620
A-T      0.000    0.000    3.400    1.105   -7.673   31.137
A-T      0.000    0.000    3.400    7.522    0.655   36.048
A-T      0.000    0.000    3.400  -10.340    8.346   34.947
A-T      0.000    0.000    3.400   -5.805    0.643   38.554
A-T      0.000    0.000    3.400   -4.110   -7.984   36.235
A-T      0.000    0.000    3.400    5.335   -1.979   28.972
A-T      0.000    0.000    3.400   -7.902    3.473   33.239
A-T      0.000    0.000    3.400   -0.153    1.888   38.175
A-T      0.000    0.000    3.400    1.483    5.227   34.301
A-T      0.000    0.000    3.400   -5.773    6.999   32.682
A-T      0.000    0.000    3.400    2.488    2.088   26.556
A-T      0.000    0.000    3.400   -3.077   -7.596   33.308
A-T      0.000    0.000    3.400   -4.506    6.290   33.255
A-T      0.000    0.000    3.400   -0.931   -1.925   36.340
A-T      0.000    0.000    3.400   -5.770    2.764   27.547
A-T      0.000    0.000    3.400  -13.383   -4.715   42.938
A-T      0.000    0.000    3.400   -3.978   -8.016   38.163
A-T      0.000    0.000    3.400   -2.751   -9.485   40.942
A-T      0.000    0.000    3.400   -0.210   -5.079   36.949
A-T      0.000    0.000    3.400    2.012   -1.349   41.760
A-T      0.000    0.000    3.400    0.697    0.044   32.258
A-T      0.000    0.000    3.400    0.449    6.653   40.674
A-T      0.000    0.000    3.400    3.564   -9.877   31.381
A-T      0.000    0.000    3.400   -1.002   -2.658   30.844
A-T      0.000    0.000    3.400   -2.022    9.510   35.540
A-T      0.000    0.000    3.400    2.396    0.297   29.337
A-T      0.000    0.000    3.400   -3.182   -2.251   35.419
A-T      0.000    0.000    3.400   -0.682   -4.347   35.685
A-T      0.000    0.000    3.400    1.945    9.039   32.092
A-T      0.000    0.000    3.400   -6.381   -2.619   40.003
A-T      0.000    0.000    3.400    2.596   -1.786   39.162
A-T      0.000    0.000    3.400   -2.772   -5.250   35.688
A-T      0.000    0.000    3.400    2.134    3.416   39.526
A-T      0.000    0.000    3.400    2.489   -1.823   38.650
A-T      0.000    0.000    3.400   -4.425   -1.669   36.146
A-T      0.000    0.000    3.400    1.029    0.732   35.928
A-T      0.000    0.000    3.400    6.603   -1.241   40.420
A-T      0.000    0.000    3.400   -6.796   -0.812   28.389
A-T      0.000    0.000    3.400   -6.627    0.076   31.518
A-T      0.000    0.000    3.400   -3.138    1.958   36.567
A-T      0.000    0.000    3.400    1.647   -2.483   36.380
A-T      0.000    0.000    3.400   -1.238    1.915   30.710
A-T      0.000    0.000    3.400   -0.091   -5.228   35.825
A-T      0.000    0.000    3.400   -8.072    3.685   33.730
A-T      0.000    0.000    3.400   -4.452   -4.494   37.298
A-T      0.000    0.000    3.400   -7.136    0.613   41.370
A-T      0.000    0.000    3.400    0.954   -2.883   30.385
A-T      0.000    0.000    3.400    4.300   -1.727   32.257
A-T      0.000    0.000    3.400    2.954    1.961   29.460
A-T      0.000    0.000    3.400    6.727    3.231   38.138
A-T      0.000    0.000    3.400   -0.338   -8.750   27.337
A-T      0.000    0.000    3.400   -7.858   -1.673   31.630
A-T      0.000    0.000    3.400   -2.028   -0.222   38.635
A-T      0.000    0.000    3.400    3.405   -0.299   36.868
A-T      0.000    0.000    3.400   -3.623    7.610   34.769
A-T      0.000    0.000    3.400   -1.054   20.431   41.518
A-T      0.000    0.000    3.400    3.443   11.313   30.936
A-T      0.000    0.000    3.400   -9.907   -2.489   35.782
A-T      0.000    0.000    3.400    3.194   13.538   31.313
A-T      0.000    0.000    3.400   -0.971   -1.400   35.750
A-T      0.000    0.000    3.400  -11.209   -5.343   30.768
A-T      0.000    0.000    3.400   -3.238   -1.575   37.042
A-T      0.000    0.000    3.400    1.194    2.135   40.426
A-T      0.000    0.000    3.400   -1.967   -4.900   29.963
A-T      0.000    0.000    3.400   -2.273   14.197   33.272
A-T      0.000    0.000    3.400    0.999    0.080   22.252
A-T      0.000    0.000    3.400   -1.135   -2.193   27.526
A-T      0.000    0.000    3.400   -6.928    4.250   36.176
A-T      0.000    0.000    3.400   -3.183   -5.976   44.817
A-T      0.000    0.000    3.400   -5.673   -4.155   35.026
A-T      0.000    0.000    3.400   -1.298   -3.326   34.875
A-T      0.000    0.000    3.400   -4.995   -2.189   31.930
A-T      0.000    0.000    3.400   10.953    1.647   41.941
A-T      0.000    0.000    3.400   -7.801    0.167   32.688
A-T      0.000    0.000    3.400    0.413   -1.915   39.836
A-T      0.000    0.000    3.400    2.809    1.208   33.037
A-T      0.000    0.000    3.400    2.403    1.415   36.701
A-T      0.000    0.000    3.400    5.338    3.122   37.168
A-T      0.000    0.000    3.400   -0.018    5.922   33.493
A-T      0.000    0.000    3.400   -1.321   -1.308   32.532
A-T      0.000    0.000    3.400    2.157   -7.812   31.123
A-T      0.000    0.000    3.400   -6.804    7.030   39.436
A-T      0.000    0.000    3.400    3.436   -0.674   31.096
A-T      0.000    0.000    3.400    0.953    6.419   39.950
A-T      0.000    0.000    3.400   -4.894    1.595   40.822
A-T      0.000    0.000    3.400    4.035    3.746   27.865
A-T      0.000    0.000    3.400   -9.418    4.817   41.116
A-T      0.000    0.000    3.400    1.315   -0.133   36.086
A-T      0.000    0.000    3.400   -9.840   -8.446   36.619
A-T      0.000    0.000    3.400   -5.221   -3.095   36.134
A-T      0.000    0.000    3.400   -1.372    2.808   42.099
A-T      0.000    0.000    3.400   -5.368   -8.151   31.927
A-T      0.000    0.000    3.400   -9.143    3.242   34.937
A-T      0.000    0.000    3.400   -8.814    1.150   39.125
A-T      0.000    0.000    3.400   -1.007    7.474   34.630
A-T      0.000    0.000    3.400    0.118   -1.584   33.629
A-T      0.000    0.000    3.400   10.553    6.629   32.677
A-T      0.000    0.000    3.400    1.116   -0.101   27.637
A-T      0.000    0.000    3.400   -7.266    5.392   29.806
A-T      0.000    0.000    3.400    0.310    1.069   32.657
A-T      0.000    0.000    3.400    0.246   -0.999   31.570
A-T      0.000    0.000    3.400    6.994   -1.104   37.886
A-T      0.000    0.000    3.400   -0.397   -8.014   36.151
A-T      0.000    0.000    3.400    1.127    4.295   29.438
A-T      0.000    0.000    3.400    2.455    0.889   31.450
A-T      0.000    0.000    3.400    1.533   -0.555   34.485
A-T      0.000    0.000    3.400   -9.465   -9.675   43.844
A-T      0.000    0.000    3.400   -4.444    1.941   31.491
A-T      0.000    0.000    3.400    4.111   -5.937   28.573
A-T      0.000    0.000    3.400    6.094    0.218   34.814
A-T      0.000    0.000    3.400    0.922    2.804   31.177
A-T      0.000    0.000    3.400   -5.211    4.322   30.752
A-T      0.000    0.000    3.400    4.201    3.375   37.191
A-T      0.000    0.000    3.400    2.385    2.874   31.986
A-T      0.000    0.000    3.400    1.084   -5.020   39.593
A-T      0.000    0.000    3.400   -3.523    6.889   28.847
A-T      0.000    0.000    3.400   -1.700    1.779   32.627
A-T      0.000    0.000    3.400  -11.615   -8.827   33.326
A-T      0.000    0.000    3.400    3.702   -3.156   33.414
A-T      0.000    0.000    3.400    5.110   -0.408   27.673
A-T      0.000    0.000    3.400    4.155   -2.282   38.263
A-T      0.000    0.000    3.400   -8.167   -6.180   38.084
A-T      0.000    0.000    3.400   -3.327   -3.470   31.918
A-T      0.000    0.000    3.400  -13.132    0.073   28.950
A-T      0.000    0.000    3.400    8.687   -1.116   35.723
A-T      0.000    0.000    3.400   -0.161   -0.978   30.068
A-T      0.000    0.000    3.400    1.655   -6.544   32.364
A-T      0.000    0.000    3.400   -2.170   -6.239   24.747
A-T      0.000    0.000    3.400   -2.800   -2.234   37.659
A-T      0.000    0.000    3.400   -2.612    1.458   37.737
A-T      0.000    0.000    3.400   -4.515    0.734   38.496
A-T      0.000    0.000    3.400    2.489    1.264   32.674
A-T      0.000    0.000    3.400    0.129   -4.409   33.793
A-T      0.000    0.000    3.400    3.145    5.381   36.574
A-T      0.000    0.000    3.400   -9.706    1.412   26.738
A-T      0.000    0.000    3.400   -5.297    8.635   39.892
A-T      0.000    0.000    3.400   -5.110   -0.862   38.609
A-T      0.000    0.000    3.400    0.544   -2.574   34.216
A-T      0.000    0.000    3.400   -4.785   -1.442   29.632
A-T      0.000    0.000    3.400    2.265   -5.427   27.639
A-T      0.000    0.000    3.400   -0.330  -20.978   26.949
A-T      0.000    0.000    3.400   -7.691    2.189   34.889
A-T      0.000    0.000    3.400   -3.997    5.808   28.567
A-T      0.000    0.000    3.400   -6.212   -6.133   34.564
A-T      0.000    0.000    3.400    4.802   -6.076   32.953
A-T      0.000    0.000    3.400    6.632   -6.624   32.617
A-T      0.000    0.000    3.400   10.383   -5.173   42.682
A-T      0.000    0.000    3.400    2.209   -7.401   39.474
A-T      0.000    0.000    3.400   -3.830   -9.978   33.360
A-T      0.000    0.000    3.400    0.735    0.937   37.934
A-T      0.000    0.000    3.400   -8.193   -9.750   29.368
A-T      0.000    0.000    3.400    1.212   -0.904   26.419
A-T      0.000    0.000    3.400   -2.533   -7.423   35.842
A-T      0.000    0.000    3.400  -10.305   -0.503   36.403
A-T      0.000    0.000    3.400   -1.858    8.727   45.200
A-T      0.000    0.000    3.400   -5.689   -9.572   30.181
A-T      0.000    0.000    3.400    0.857    0.866   31.364
A-T      0.000    0.000    3.400    0.087   -1.294   46.018
A-T      0.000    0.000    3.400   13.951   -3.923   36.053
A-T      0.000    0.000    3.400   -8.228    7.782   33.722
A-T      0.000    0.000    3.400  -13.310   -1.211   35.652
A-T      0.000    0.000    3.400    3.158    4.947   39.931
A-T      0.000    0.000    3.400    1.656   -4.406   29.133
A-T      0.000    0.000    3.400   -7.418   -0.233   35.094
A-T      0.000    0.000    3.400    3.926    3.326   31.392
A-T      0.000    0.000    3.400    1.078    1.745   31.055
A-T      0.000    0.000    3.400   -0.497   -7.164   23.064
A-T      0.000    0.000    3.400    8.921   -5.694   28.187
A-T      0.000    0.000    3.400   -4.017    3.399   25.031
A-T      0.000    0.000    3.400    5.141   -0.427   37.413
A-T      0.000    0.000    3.400    2.076    2.206   38.843
A-T      0.000    0.000    3.400   -0.621    4.874   32.680
A-T      0.000    0.000    3.400    1.528    2.816   35.327
A-T      0.000    0.000    3.400    3.640    6.594   28.024
A-T      0.000    0.000    3.400   -2.459   -7.882   29.848
A-T      0.000    0.000    3.400    4.197    3.809   28.529
A-T      0.000    0.000    3.400   -0.639    6.102   31.329
A-T      0.000    0.000    3.400   -9.784   -6.973   35.136
A-T      0.000    0.000    3.400   -2.886   -2.685   31.649
A-T      0.000    0.000    3.400    4.049    9.910   40.235
A-T      0.000    0.000    3.400   -0.799   -3.374   30.675
A-T      0.000    0.000    3.400   -3.244    1.632   39.826
A-T      0.000    0.000    3.400    7.736   -7.665   37.906
A-T      0.000    0.000    3.400   -4.505    1.871   29.909
A-T      0.000    0.000    3.400   -0.239    4.214   36.918
A-T      0.000    0.000    3.400    3.974   -8.517   34.246
A-T      0.000    0.000    3.400   10.145   -2.142   30.518
A-T      0.000    0.000    3.400    4.124   -3.156   36.153
A-T      0.000    0.000    3.400   -1.216   -0.204   31.181
A-T      0.000    0.000    3.400    3.323   -2.554   31.868
A-T      0.000    0.000    3.400    2.363   -3.378   33.130
A-T      0.000    0.000    3.400    4.436    1.053   38.303
A-T      0.000    0.000    3.400   -8.714   -4.220   35.743
A-T      0.000    0.000    3.400    2.176    2.033   45.139
A-T      0.000    0.000    3.400    8.889    3.031   38.778
A-T      0.000    0.000    3.400    3.330   -1.662   35.215
A-T      0.000    0.000    3.400   -7.889   -1.511   36.717
A-T      0.000    0.000    3.400    1.890   -3.190   33.561
A-T      0.000    0.000    3.400   -6.718   -4.338   38.631
A-T      0.000    0.000    3.400   -1.240   -2.752   38.166
A-T      0.000    0.000    3.400    8.847    6.298   42.832
A-T      0.000    0.000    3.400    3.481   -2.791   31.695
A-T      0.000    0.000    3.400    2.179   -1.312   37.921
A-T      0.000    0.000    3.400   14.212    6.416   32.729
A-T      0.000    0.000    3.400   11.475    2.870   36.012
A-T      0.000    0.000    3.400    5.752   -3.841   41.085
A-T      0.000    0.000    3.400    2.571   -5.843   40.660
A-T      0.000    0.000    3.400   -4.837   -5.330   38.168
A-T      0.000    0.000    3.400   -8.611    3.635   39.045
A-T      0.000    0.000    3.400    2.329   -8.020   36.169
A-T      0.000    0.000    3.400   -2.825   -2.183   41.394
A-T      0.000    0.000    3.400    5.254  -12.429   33.003
A-T      0.000    0.000    3.400   -8.963    0.311   42.652
A-T      0.000    0.000    3.400   -5.074   -0.610   29.838
A-T      0.000    0.000    3.400   -0.433   -0.070   30.758
A-T      0.000    0.000    3.400    6.761   -4.907   35.880
A-T      0.000    0.000    3.400  -11.369    0.339   40.048
A-T      0.000    0.000    3.400   -3.977    3.325   37.073
A-T      0.000    0.000    3.400    1.481   -5.416   25.316
A-T      0.000    0.000    3.400    0.664   -8.467   33.984
A-T      0.000    0.000    3.400   -0.405    1.813   32.958
A-T      0.000    0.000    3.400    1.368    4.341   36.700
A-T      0.000    0.000    3.400   -5.762   -3.485   32.277
A-T      0.000    0.000    3.400   -0.125   -2.828   35.755
A-T      0.000    0.000    3.400   12.369   -0.840   37.206
A-T      0.000    0.000    3.400   -1.867    1.502   34.518
A-T      0.000    0.000    3.400    9.110    2.174   36.046
A-T      0.000    0.000    3.400    3.570   -5.751   39.380
A-T      0.000    0.000    3.400   -2.211    0.517   32.272
A-T      0.000    0.000    3.400   -2.775    4.077   39.373
A-T      0.000    0.000    3.400    6.926    4.339   32.958
A-T      0.000    0.000    3.400   -1.709    0.418   28.372
A-T      0.000    0.000    3.400    3.754   -1.348   43.368
A-T      0.000    0.000    3.400    3.027    3.889   34.339
A-T      0.000    0.000    3.400   -1.776    3.055   32.645
A-T      0.000    0.000    3.400   -5.017  -10.452   36.224
A-T      0.000    0.000    3.400   -6.271    1.615   37.686
A-T      0.000    0.000    3.400   -5.403    3.856   32.032
A-T      0.000    0.000    3.400   12.718  -11.801   34.065
A-T      0.000    0.000    3.400   -4.026   -7.278   38.969
A-T      0.000    0.000    3.400    8.795    0.403   33.115
A-T      0.000    0.000    3.400   -6.422   -5.649   37.883
A-T      0.000    0.000    3.400    0.074    1.628   36.929
A-T      0.000    0.000    3.400    3.133    1.869   32.873
A-T      0.000    0.000    3.400   -2.786    0.051   35.030
A-T      0.000    0.000    3.400   -4.393    0.265   30.096
A-T      0.000    0.000    3.400   -1.455   11.058   41.284
A-T      0.000    0.000    3.400   -0.709    1.763   40.294
A-T      0.000    0.000    3.400   -4.996    4.376   32.739
A-T      0.000    0.000    3.400    5.664    0.062   32.961
A-T      0.000    0.000    3.400  -13.664    6.405   31.075
A-T      0.000    0.000    3.400    0.002    5.652   29.650
A-T      0.000    0.000    3.400    5.087   -2.084   44.608
A-T      0.000    0.000    3.400    3.899   -1.886   36.491
A-T      0.000    0.000    3.400    1.427    8.127   36.007
A-T      0.000    0.000    3.400    5.168   -4.798   31.374
A-T      0.000    0.000    3.400    3.750    6.811   31.287
A-T      0.000    0.000    3.400   -0.924    0.372   32.941
A-T      0.000    0.000    3.400   -1.757   -2.762   28.941
A-T      0.000    0.000    3.400   -2.728    2.941   30.198
A-T      0.000    0.000    3.400    1.016    0.305   33.006
A-T      0.000    0.000    3.400   -3.340   -0.767   33.672
A-T      0.000    0.000    3.400    1.956   -0.856   27.251
A-T      0.000    0.000    3.400   -2.991   -2.452   29.972
A-T      0.000    0.000    3.400   12.799    8.211   36.404
A-T      0.000    0.000    3.400   -2.371    3.356   31.345
A-T      0.000    0.000    3.400   -2.080    3.354   37.257
A-T      0.000    0.000    3.400    3.234    9.816   34.799
A-T      0.000    0.000    3.400   -4.518    3.673   37.269
A-T      0.000    0.000    3.400   -8.331   -0.216   28.454
A-T      0.000    0.000    3.400   -5.909    4.947   33.718
A-T      0.000    0.000    3.400   -1.574    4.436   31.043
A-T      0.000    0.000    3.400   -5.310   -1.893   35.534
A-T      0.000    0.000    3.400   -2.043    4.615   38.467
A-T      0.000    0.000    3.400    5.376   -1.570   32.062
A-T      0.000    0.000    3.400   -6.861    7.839   41.496
A-T      0.000    0.000    3.400    5.288   -3.514   32.867
A-T      0.000    0.000    3.400    3.717   -0.198   35.582
A-T      0.000    0.000    3.400   -1.870   -0.105   38.100
A-T      0.000    0.000    3.400   12.358   -3.344   40.057
A-T      0.000    0.000    3.400   -1.957    3.527   36.668
A-T      0.000    0.000    3.400    5.756   -0.677   38.803
A-T      0.000    0.000    3.400   11.593   -3.401   36.147
A-T      0.000    0.000    3.400    5.637   -1.667   30.469
A-T      0.000    0.000    3.400   -3.954    1.620   39.935
A-T      0.000    0.000    3.400   -7.845   -2.897   34.431
A-T      0.000    0.000    3.400   -7.648   -7.702   37.880
A-T      0.000    0.000    3.400   -8.593   -2.121   34.924
A-T      0.000    0.000    3.400    7.165   -0.061   30.593
A-T      0.000    0.000    3.400    2.274   -9.574   31.450
A-T      0.000    0.000    3.400    4.103   -2.614   32.200
A-T      0.000    0.000    3.400    3.923   -3.898   33.302
A-T      0.000    0.000    3.400   -5.652    8.247   32.040
A-T      0.000    0.000    3.400    0.064    5.153   30.032
A-T      0.000    0.000    3.400   -4.037    3.466   33.591
A-T      0.000    0.000    3.400   -3.516  -12.722   25.022
A-T      0.000    0.000    3.400    5.223    3.498   30.066
A-T      0.000    0.000    3.400    4.016   -3.919   31.577
A-T      0.000    0.000    3.400   -7.692    3.104   32.466
A-T      0.000    0.000    3.400   -1.943   -4.236   34.530
A-T      0.000    0.000    3.400    0.070   -7.647   38.687
A-T      0.000    0.000    3.400    4.969    4.166   38.530
A-T      0.000    0.000    3.400   -9.915    7.063   32.557
A-T      0.000    0.000    3.400   -0.513   10.599   38.375
A-T      0.000    0.000    3.400    6.117    8.928   38.569
A-T      0.000    0.000    3.400   -0.425    5.302   39.139
A-T      0.000    0.000    3.400   -2.551   -2.373   41.606
A-T      0.000    0.000    3.400   -7.646   -3.490   27.716
A-T      0.000    0.000    3.400    4.536    9.601   36.272
A-T      0.000    0.000    3.400    9.362    8.450   38.873
A-T      0.000    0.000    3.400   -1.842   -1.997   33.686
A-T      0.000    0.000    3.400   11.405    0.205   36.516
A-T      0.000    0.000    3.400   -2.782    2.114   26.861
A-T      0.000    0.000    3.400    0.010    4.744   35.867
A-T      0.000    0.000    3.400    6.422    5.711   31.635
A-T      0.000    0.000    3.400    4.606    3.442   37.882
A-T      0.000    0.000    3.400   -0.377    9.901   35.112
A-T      0.000    0.000    3.400    2.905    5.988   35.085
A-T      0.000    0.000    3.400    3.445    2.820   32.602
A-T      0.000    0.000    3.400    3.791    2.370   27.336
A-T      0.000    0.000    3.400   -2.598    6.907   34.100
A-T      0.000    0.000    3.400   -1.135   -2.076   37.743
A-T      0.000    0.000    3.400    7.418   -1.512   37.698
A-T      0.000    0.000    3.400    7.290   -1.476   35.485
A-T      0.000    0.000    3.400   -5.376   -1.231   30.025
A-T      0.000    0.000    3.400    1.287   -4.219   40.623
A-T      0.000    0.000    3.400    6.696   -6.801   37.184
A-T      0.000    0.000    3.400    3.653   -5.811   37.822
A-T      0.000    0.000    3.400   -6.967    3.112   34.241
A-T      0.000    0.000    3.400   11.386   -4.626   30.882
A-T      0.000    0.000    3.400    0.208    6.294   31.396
A-T      0.000    0.000    3.400    0.820   -7.060   27.599
A-T      0.000    0.000    3.400   -1.065   -0.666   29.062
A-T      0.000    0.000    3.400    5.840    4.708   36.334
A-T      0.000    0.000    3.400   -3.153   -4.202   31.282
A-T      0.000    0.000    3.400  -14.988   -9.932   30.811
A-T      0.000    0.000    3.400    5.786    6.942   39.311
A-T      0.000    0.000    3.400    0.070   -1.893   28.771
A-T      0.000    0.000    3.400    2.488   -7.795   20.189
A-T      0.000    0.000    3.400   -0.712   -1.470   35.697
A-T      0.000    0.000    3.400    3.214    9.718   30.522
A-T      0.000    0.000    3.400   -3.364    5.638   33.425
A-T      0.000    0.000    3.400    5.802    7.408   32.976
A-T      0.000    0.000    3.400   11.679    5.414   40.391
A-T      0.000    0.000    3.400   -0.897    6.938   33.928
A-T      0.000    0.000    3.400   -0.125   -8.232   42.305
A-T      0.000    0.000    3.400    0.695   10.398   33.340
A-T      0.000    0.000    3.400  -10.563    3.898   32.747
A-T      0.000    0.000    3.400   -0.556   -3.639   33.482
A-T      0.000    0.000    3.400    7.432   -3.734   28.602
A-T      0.000    0.000    3.400   -0.551   -3.359   35.784
A-T      0.000    0.000    3.400   -1.385    5.681   34.074
A-T      0.000    0.000    3.400   -0.364    0.050   33.312
A-T      0.000    0.000    3.400    1.316   -2.293   32.854
A-T      0.000    0.000    3.400    7.196    1.444   26.338
A-T      0.000    0.000    3.400    3.631   -1.723   37.907
A-T      0.000    0.000    3.400    4.443    0.158   33.842
A-T      0.000    0.000    3.400    0.973    4.806   35.610
A-T      0.000    0.000    3.400    1.188   -3.559   38.307
A-T      0.000    0.000    3.400    8.541  -14.165   36.258
A-T      0.000    0.000    3.400   -3.138    3.839   40.124
A-T      0.000    0.000    3.400    7.099   -7.877   33.432
A-T      0.000    0.000    3.400   -2.826   -0.732   34.834
A-T      0.000    0.000    3.400   -1.608   -1.391   32.716
A-T      0.000    0.000    3.400    3.117   -6.038   42.257
A-T      0.000    0.000    3.400   -2.513   12.733   23.936
A-T      0.000    0.000    3.400    1.659   -9.497   36.504
A-T      0.000    0.000    3.400   -2.475    3.560   32.575
A-T      0.000    0.000    3.400  -11.009   -2.001   34.945
A-T      0.000    0.000    3.400   -8.124   -3.157   38.855
A-T      0.000    0.000    3.400   -1.634   -0.847   43.002
A-T      0.000    0.000    3.400    0.001   -9.835   39.618
A-T      0.000    0.000    3.400    4.752   -2.429   31.144
A-T      0.000    0.000    3.400   -7.984    1.566   30.052
A-T      0.000    0.000    3.400   -5.698    1.092   34.229
A-T      0.000    0.000    3.400    7.767   -0.481   33.546
A-T      0.000    0.000    3.400    2.817   -1.629   41.061
A-T      0.000    0.000    3.400   -1.203   -1.702   37.360
A-T      0.000    0.000    3.400    0.947   -1.818   29.545
A-T      0.000    0.000    3.400    2.122   -1.223   36.524
A-T      0.000    0.000    3.400   -7.730    2.433   34.902
A-T      0.000    0.000    3.400    4.855    2.036   31.249
A-T      0.000    0.000    3.400    1.712    4.587   42.301
A-T      0.000    0.000    3.400   -0.169    2.920   29.026
A-T      0.000    0.000    3.400   -4.818    3.674   31.466
A-T      0.000    0.000    3.400   -0.109   -2.001   33.582
A-T      0.000    0.000    3.400    4.302   -5.372   27.477
A-T      0.000    0.000    3.400   -0.980   -0.506   29.447
A-T      0.000    0.000    3.400    5.690    0.083   39.402
A-T      0.000    0.000    3.400    0.401   -8.399   26.906
A-T      0.000    0.000    3.400    2.526   -3.946   36.521
A-T      0.000    0.000    3.400    1.872   -2.025   19.702
A-T      0.000    0.000    3.400   -8.494    1.583   30.215
A-T      0.000    0.000    3.400   -0.554   12.131   28.007
A-T      0.000    0.000    3.400    1.295   -7.856   37.266
A-T      0.000    0.000    3.400    0.894    0.325   34.766
A-T      0.000    0.000    3.400   -0.906   -3.541   34.459
A-T      0.000    0.000    3.400   -2.176    7.067   24.743
A-T      0.000    0.000    3.400   -4.766    0.726   35.469
A-T      0.000    0.000    3.400   -3.204   -2.188   38.025
A-T      0.000    0.000    3.400   -2.510    1.232   32.633
A-T      0.000    0.000    3.400   -3.556   -6.434   37.298
A-T      0.000    0.000    3.400    8.091   -9.692   22.952
A-T      0.000    0.000    3.400  -11.234    4.254   35.169
A-T      0.000    0.000    3.400    1.414  -12.566   38.117
A-T      0.000    0.000    3.400   -2.467    4.223   25.455
A-T      0.000    0.000    3.400   -1.365   -6.988   30.783
A-T      0.000    0.000    3.400    1.244    2.352   33.509
A-T      0.000    0.000    3.400   -9.186    3.944   41.117
A-T      0.000    0.000    3.400   -3.882    1.705   46.117
A-T      0.000    0.000    3.400   -2.925    4.750   35.042
A-T      0.000    0.000    3.400   -2.604    7.213   34.754
A-T      0.000    0.000    3.400    3.808    1.831   39.434
A-T      0.000    0.000    3.400    2.894  -10.146   38.889
A-T      0.000    0.000    3.400    3.146    0.446   30.832
A-T      0.000    0.000    3.400    6.638    5.497   21.960
A-T      0.000    0.000    3.400    9.277    1.677   34.004
A-T      0.000    0.000    3.400    2.340   -7.886   30.642
A-T      0.000    0.000    3.400   -3.805    9.856   36.686
A-T      0.000    0.000    3.400   -2.591   -0.076   33.896
A-T      0.000    0.000    3.400   -4.640    8.630   41.577
A-T      0.000    0.000    3.400    9.807   -7.868   27.688
A-T      0.000    0.000    3.400   -5.135    0.151   39.327
A-T      0.000    0.000    3.400   -1.283   -0.401   41.996
A-T      0.000    0.000    3.400    1.637  -12.202   37.699
A-T      0.000    0.000    3.400    3.838   -2.549   33.531
A-T      0.000    0.000    3.400    7.197   -4.644   32.089
A-T      0.000    0.000    3.400   -6.172    2.524   34.188
A-T      0.000    0.000    3.400    4.131    4.047   30.856
A-T      0.000    0.000    3.400   -8.067   -0.950   33.214
A-T      0.000    0.000    3.400    1.135   -9.882   40.739
A-T      0.000    0.000    3.400    3.858   -3.766   33.123
A-T      0.000    0.000    3.400    1.890    1.911   35.382
A-T      0.000    0.000    3.400   -2.259   -2.569   37.084
A-T      0.000    0.000    3.400    6.918    1.508   34.411
A-T      0.000    0.000    3.400    7.440   -3.983   28.825
A-T      0.000    0.000    3.400   -0.697   -2.238   34.657
A-T      0.000    0.000    3.400   -0.353    2.407   30.133
A-T      0.000    0.000    3.400    4.397    6.396   31.291
A-T      0.000    0.000    3.400   -0.284  -12.363   39.602
A-T      0.000    0.000    3.400   -5.322    7.794   36.933
A-T      0.000    0.000    3.400   -8.003    7.325   39.230
A-T      0.000    0.000    3.400    8.985    1.557   31.232
A-T      0.000    0.000    3.400  -14.004   -5.931   26.574
A-T      0.000    0.000    3.400    0.417    4.839   31.349
A-T      0.000    0.000    3.400   -3.162   13.386   33.244
A-T      0.000    0.000    3.400    0.123   -9.533   32.091
A-T      0.000    0.000    3.400   -3.893    2.903   40.896
A-T      0.000    0.000    3.400    8.003   11.384   34.834
A-T      0.000    0.000    3.400    0.931   13.387   34.024
A-T      0.000    0.000    3.400   -6.242    1.580   38.044
A-T      0.000    0.000    3.400   -4.055    1.008   32.865
A-T      0.000    0.000    3.400    5.371    3.875   30.016
A-T      0.000    0.000    3.400   -0.342    0.109   29.969
A-T      0.000    0.000    3.400    3.907   -1.396   27.840
A-T      0.000    0.000    3.400    5.790   -0.255   31.145
A-T      0.000    0.000    3.400    0.234    2.450   32.075
A-T      0.000    0.000    3.400   -1.963   -5.908   34.381
A-T      0.000    0.000    3.400    8.955  -11.669   28.972
A-T      0.000    0.000    3.400   -1.043   -0.916   39.547
A-T      0.000    0.000    3.400    1.652    1.860   34.614
A-T      0.000    0.000    3.400    7.883    1.960   30.309
A-T      0.000    0.000    3.400    1.838   -5.374   35.591
A-T      0.000    0.000    3.400   -7.498   -6.086   24.189
A-T      0.000    0.000    3.400    0.462    0.662   29.006
A-T      0.000    0.000    3.400   -1.893   -3.039   30.461
A-T      0.000    0.000    3.400    0.094   -2.280   31.807
A-T      0.000    0.000    3.400    0.178   -0.032   38.028
A-T      0.000    0.000    3.400   -5.965    1.044   38.428
A-T      0.000    0.000    3.400   -0.558   -5.255   37.375
A-T      0.000    0.000    3.400   -1.450   -1.057   32.762
A-T      0.000    0.000    3.400   -0.303   -2.502   30.501
A-T      0.000    0.000    3.400   -3.342   -0.423   28.337
A-T      0.000    0.000    3.400    0.718    6.242   30.455
A-T      0.000    0.000    3.400   -5.555    0.984   38.790
A-T      0.000    0.000    3.400   -3.768   -6.047   42.715
A-T      0.000    0.000    3.400   -6.533   -7.193   37.497
A-T      0.000    0.000    3.400    8.940    1.980   35.060
A-T      0.000    0.000    3.400    2.432    2.378   36.924
A-T      0.000    0.000    3.400   -2.528    0.394   35.652
A-T      0.000    0.000    3.400   -1.571    2.688   45.413
A-T      0.000    0.000    3.400    7.035   -2.729   34.925
A-T      0.000    0.000    3.400   -7.738   -7.656   34.181
A-T      0.000    0.000    3.400    3.542    8.272   35.745
A-T      0.000    0.000    3.400   -0.894    7.294   36.126
A-T      0.000    0.000    3.400    2.851   -5.000   23.907
A-T      0.000    0.000    3.400    3.650   -2.698   36.132
A-T      0.000    0.000    3.400   -4.538    2.735   35.165
A-T      0.000    0.000    3.400   -6.749   -0.059   30.977
A-T      0.000    0.000    3.400   -8.578   -0.996   28.679
A-T      0.000    0.000    3.400   -1.163    1.132   31.873
A-T      0.000    0.000    3.400   -3.865  -10.782   34.642
A-T      0.000    0.000    3.400   -0.561    0.718   34.861
A-T      0.000    0.000    3.400   -1.059   -4.898   37.015
A-T      0.000    0.000    3.400   -1.367    4.874   32.921
A-T      0.000    0.000    3.400    7.894   10.345   44.596
A-T      0.000    0.000    3.400   -2.611    3.795   22.637
A-T      0.000    0.000    3.400    4.312   -4.656   45.379
A-T      0.000    0.000    3.400   -4.022    1.855   39.737
A-T      0.000    0.000    3.400    1.301   -3.081   35.491
A-T      0.000    0.000    3.400    1.079   -1.137   39.933
A-T      0.000    0.000    3.400   13.222   -0.983   39.865
A-T      0.000    0.000    3.400    1.160    7.233   26.743
A-T      0.000    0.000    3.400    1.501   -4.126   48.061
A-T      0.000    0.000    3.400    4.398    4.392   32.883
A-T      0.000    0.000    3.400    4.865    6.269   29.960
A-T      0.000    0.000    3.400   -2.264   -0.995   36.812
A-T      0.000    0.000    3.400   -1.665    3.027   29.030
A-T      0.000    0.000    3.400    3.707   -2.063   34.985
A-T      0.000    0.000    3.400   -0.625    6.188   35.861
A-T      0.000    0.000    3.400    5.879   -7.169   35.342
A-T      0.000    0.000    3.400    2.137    3.886   33.664
A-T      0.000    0.000    3.400    7.087   -5.585   34.411
A-T      0.000    0.000    3.400    9.455   -3.256   38.546
A-T      0.000    0.000    3.400   -9.098    5.082   35.876
A-T      0.000    0.000    3.400   -3.413   -8.334   30.117
A-T      0.000    0.000    3.400   -4.847    5.706   25.848
A-T      0.000    0.000    3.400    0.533    2.578   34.960
A-T      0.000    0.000    3.400   -7.403    4.835   28.526
A-T      0.000    0.000    3.400   -3.290   -3.003   37.364
A-T      0.000    0.000    3.400    2.038    8.919   28.762
A-T      0.000    0.000    3.400   -7.243   -3.382   31.418
A-T      0.000    0.000    3.400    0.942   -6.087   34.069
A-T      0.000    0.000    3.400   -3.015    1.316   26.465
A-T      0.000    0.000    3.400   -0.035    0.559   30.100
A-T      0.000    0.000    3.400    1.605   -0.133   33.231
A-T      0.000    0.000    3.400  -12.131   -4.697   31.420
A-T      0.000    0.000    3.400    1.807   11.147   30.451
A-T      0.000    0.000    3.400    0.288  -13.938   36.960
A-T      0.000    0.000    3.400    3.196   -1.843   38.271
A-T      0.000    0.000    3.400    4.040    4.032   31.225
A-T      0.000    0.000    3.400  -10.192    5.766   28.148
A-T      0.000    0.000    3.400    7.186    6.646   25.919
A-T      0.000    0.000    3.400   -3.300   -2.465   34.295
A-T      0.000    0.000    3.400   -9.680    0.569   35.265
A-T      0.000    0.000    3.400    9.323   -6.133   35.953
A-T      0.000    0.000    3.400    7.784    7.405   22.380
A-T      0.000    0.000    3.400    1.062   -2.805   38.864
A-T      0.000    0.000    3.400    2.385    1.060   30.667
A-T      0.000    0.000    3.400    9.287   -3.795   42.565
A-T      0.000    0.000    3.400  -12.130    6.139   35.819
A-T      0.000    0.000    3.400   -2.914    5.367   34.245
A-T      0.000    0.000    3.400   -4.196    4.404   40.586
A-T      0.000    0.000    3.400   -7.992   -1.449   21.746
A-T      0.000    0.000    3.400   -3.192    4.057   29.123
A-T      0.000    0.000    3.400    2.683  -12.078   43.578
A-T      0.000    0.000    3.400    2.831  -10.289   28.429
A-T      0.000    0.000    3.400   -8.698   -3.136   42.218
A-T      0.000    0.000    3.400   -4.892    0.044   36.622
A-T      0.000    0.000    3.400  -11.673   -0.925   35.909
A-T      0.000    0.000    3.400   -1.172   -5.433   36.369
A-T      0.000    0.000    3.400    1.394    0.805   32.415
A-T      0.000    0.000    3.400  -12.370   -3.510   40.041
A-T      0.000    0.000    3.400   -7.241   -8.960   38.037
A-T      0.000    0.000    3.400    1.028   -2.338   24.912
A-T      0.000    0.000    3.400    2.617   -1.784   38.763
A-T      0.000    0.000    3.400   -0.651   -8.343   37.898
A-T      0.000    0.000    3.400    1.883   11.936   34.992
A-T      0.000    0.000    3.400   -1.497    2.939   31.107
A-T      0.000    0.000    3.400    1.108   -4.062   33.794
A-T      0.000    0.000    3.400   -1.086    4.059   38.996
A-T      0.000    0.000    3.400   -5.464    0.085   35.680
A-T      0.000    0.000    3.400    1.815   -2.386   32.115
A-T      0.000    0.000    3.400  -11.059   -4.328   33.808
A-T      0.000    0.000    3.400   -0.511    5.603   32.769
A-T      0.000    0.000    3.400   -2.148   -5.242   31.803
A-T      0.000    0.000    3.400    1.920  -12.452   31.242
A-T      0.000    0.000    3.400    1.611    0.906   31.986
A-T      0.000    0.000    3.400    5.041    4.463   30.143
A-T      0.000    0.000    3.400    2.697   -7.257   37.654
A-T      0.000    0.000    3.400    7.078   -3.112   34.080
A-T      0.000    0.000    3.400    1.013    0.224   33.429
A-T      0.000    0.000    3.400   -7.913   -1.405   41.768
A-T      0.000    0.000    3.400    0.012    3.239   27.305
