1 0.509785
2 2.455039
3 3.466147
4 4.125791
5 4.612051
6 5.003374
7 5.349765
8 5.627636
9 5.851679
10 6.067666
11 6.250844
12 6.412534
13 6.568657
14 6.708628
15 6.872783
16 7.007891
17 7.112837
18 7.225146
19 7.301142
20 7.412797
21 7.490220
22 7.557978
23 7.642441
24 7.708379
25 7.755430
26 7.825933
27 7.896689
28 7.929204
29 7.982671
30 8.023017
31 8.075767
32 8.095781
33 8.133296
34 8.172631
35 8.221245
36 8.251284
37 8.278915
38 8.309937
39 8.336099
40 8.383218
41 8.400253
42 8.410654
43 8.402256
44 8.414618
45 8.450430
46 8.457109
47 8.472436
48 8.484321
49 8.486773
50 8.490244
51 8.487602
52 8.504468
53 8.504390
54 8.490386
55 8.478496
56 8.451308
57 8.456543
58 8.427739
59 8.393843
60 8.365688
61 8.338076
62 8.295156
63 8.249438
64 8.212011
65 8.142671
66 8.094121
67 8.046133
68 7.967929
69 7.894570
70 7.787563
71 7.692949
72 7.599775
73 7.499839
74 7.396738
75 7.237261
76 7.099199
77 6.898310
78 6.690014
79 6.476289
80 6.232085
81 5.926353
82 5.585825
83 5.246606
84 4.840078
85 4.337715
86 3.772720
87 3.103369
88 2.310078
89 1.339263
90 0.204219


1 4.419231
2 6.345842
3 7.368370
4 7.978545
5 8.461292
6 8.865208
7 9.202650
8 9.482524
9 9.724135
10 9.910707
11 10.121367
12 10.305089
13 10.456178
14 10.572929
15 10.688165
16 10.800193
17 10.919100
18 11.006916
19 11.111568
20 11.177628
21 11.269232
22 11.347034
23 11.422360
24 11.491390
25 11.517995
26 11.566544
27 11.617166
28 11.662892
29 11.703467
30 11.754373
31 11.752173
32 11.774837
33 11.805649
34 11.822803
35 11.824282
36 11.857361
37 11.868942
38 11.873445
39 11.871806
40 11.872728
41 11.877703
42 11.849240
43 11.833310
44 11.832124
45 11.828541
46 11.797237
47 11.775728
48 11.776960
49 11.743527
50 11.704494
51 11.680263
52 11.652950
53 11.604514
54 11.576993
55 11.517736
56 11.462539
57 11.410594
58 11.366986
59 11.292866
60 11.228208
61 11.145238
62 11.054596
63 10.997671
64 10.882442
65 10.747938
66 10.632686
67 10.507657
68 10.377537
69 10.235187
70 10.070478
71 9.905055
72 9.755331
73 9.555234
74 9.358077
75 9.129573
76 8.903359
77 8.646376
78 8.316800
79 8.011833
80 7.638900
81 7.194858
82 6.794075
83 6.247682
84 5.668577
85 5.020874
86 4.279249
87 3.395153
88 2.386764
89 1.298590
90 0.020044

