1 4.419231
2 6.345842
3 7.368370
4 7.978545
5 8.461292
6 8.865208
7 9.202650
8 9.482524
9 9.724135
10 9.910707
11 10.121367
12 10.305089
13 10.456178
14 10.572929
15 10.688165
16 10.800193
17 10.919100
18 11.006916
19 11.111568
20 11.177628
21 11.269232
22 11.347034
23 11.422360
24 11.491390
25 11.517995
26 11.566544
27 11.617166
28 11.662892
29 11.703467
30 11.754373
31 11.752173
32 11.774837
33 11.805649
34 11.822803
35 11.824282
36 11.857361
37 11.868942
38 11.873445
39 11.871806
40 11.872728
41 11.877703
42 11.849240
43 11.833310
44 11.832124
45 11.828541
46 11.797237
47 11.775728
48 11.776960
49 11.743527
50 11.704494
51 11.680263
52 11.652950
53 11.604514
54 11.576993
55 11.517736
56 11.462539
57 11.410594
58 11.366986
59 11.292866
60 11.228208
61 11.145238
62 11.054596
63 10.997671
64 10.882442
65 10.747938
66 10.632686
67 10.507657
68 10.377537
69 10.235187
70 10.070478
71 9.905055
72 9.755331
73 9.555234
74 9.358077
75 9.129573
76 8.903359
77 8.646376
78 8.316800
79 8.011833
80 7.638900
81 7.194858
82 6.794075
83 6.247682
84 5.668577
85 5.020874
86 4.279249
87 3.395153
88 2.386764
89 1.298590
90 0.020044

