  1225 base-pairs
   0  step parameters
      shift   slide    rise    tilt    roll   twist
A-T    0.00    0.00    0.00    0.00    0.00    0.00
A-T    -0.07  -0.13   3.70   1.37  -7.46  33.36
A-T    -0.11  -0.04   3.51  -1.44  -8.47  35.95
A-T     0.04  -0.04   3.58  -0.79  -7.33  29.18
A-T     0.26  -0.07   3.48   0.24  -3.19  33.07
A-T     0.07  -0.06   3.28  -3.13  -8.90  22.61
A-T     0.10  -0.21   3.48  -4.61   3.01  33.88
A-T     0.02  -0.09   3.58  -0.91   5.68  33.83
A-T    -0.21   0.04   3.45   4.24   5.43  30.41
A-T    -0.01  -0.05   3.46   4.66  -9.48  34.39
A-T    -0.25   0.12   3.25   0.19   4.84  38.95
A-T    -0.05   0.06   3.39   5.47  -2.24  27.40
A-T     0.06   0.08   3.31  -0.14 -11.74  32.41
A-T    -0.09   0.19   3.28  -2.81  -7.56  34.99
A-T    -0.07   0.10   3.26  -3.56  -2.45  34.86
A-T    -0.02   0.09   3.40   4.30  10.05  38.77
A-T     0.01  -0.06   3.31  -5.32  -4.76  28.21
A-T     0.11   0.13   3.52   0.73  -5.76  42.38
A-T     0.01  -0.05   3.37   4.84   0.70  38.30
A-T    -0.03   0.05   3.21  -6.60  -2.28  35.59
A-T     0.09   0.05   3.36  -1.94  -4.09  33.28
A-T     0.03  -0.09   3.54   9.17   1.07  33.79
A-T     0.01   0.05   3.43  -4.77  -4.89  30.44
A-T     0.12   0.11   3.46  -1.39  -1.10  35.34
A-T     0.08  -0.12   3.19   6.33  -0.10  34.02
A-T    -0.11  -0.14   3.60  -9.94  -5.61  39.20
A-T     0.24   0.26   3.41  -8.29   1.96  36.45
A-T    -0.04  -0.02   3.51   7.33   2.70  41.66
A-T     0.01  -0.03   3.14  -5.35  -2.12  31.96
A-T    -0.11   0.04   3.32   1.97   3.35  36.14
A-T    -0.04   0.28   3.28   2.10  -6.09  38.18
A-T     0.09   0.11   3.76   3.13  -0.75  35.13
A-T    -0.16   0.19   3.48  -5.19  -3.53  33.38
A-T     0.02   0.06   3.51   6.52  -7.87  34.61
A-T     0.20  -0.00   3.72  -3.52   3.29  39.38
A-T    -0.17   0.12   3.34  -3.29  -1.31  37.87
A-T     0.04   0.13   3.40  -3.53  -5.29  39.09
A-T     0.06   0.14   3.17  -3.22  -2.83  35.55
A-T     0.04   0.12   3.21   0.36  -4.69  36.76
A-T    -0.24   0.34   3.30   7.66  -3.32  40.16
A-T    -0.03  -0.25   3.70   1.71   0.20  30.80
A-T     0.04  -0.21   3.51   1.37  -6.75  32.11
A-T    -0.09   0.03   3.58  -0.02  -1.86  32.93
A-T     0.01  -0.14   3.18   0.57  -0.90  29.29
A-T     0.17   0.03   3.39  -0.82   0.82  34.06
A-T     0.13  -0.10   3.34   1.71   2.43  38.34
A-T     0.11  -0.15   3.48  -3.03   0.13  31.22
A-T     0.06   0.04   3.42  11.05   5.69  34.10
A-T    -0.09  -0.02   3.42   1.94   3.23  32.64
A-T    -0.23  -0.11   3.33  -5.97   5.20  34.85
A-T    -0.04   0.24   3.22   2.00  -3.29  33.79
A-T    -0.19   0.05   3.54  -0.08  -3.85  36.40
A-T     0.11  -0.17   3.42  -6.90   0.51  35.86
A-T    -0.18  -0.07   3.66  -1.41   2.61  35.58
A-T    -0.03  -0.00   3.15   3.76   3.05  36.41
A-T    -0.25  -0.16   3.47  -0.28  -9.71  38.62
A-T     0.07   0.01   3.48  10.23   8.58  37.88
A-T    -0.05   0.00   3.46   5.30   7.49  30.64
A-T    -0.15   0.09   3.39   1.39   5.60  36.66
A-T     0.02  -0.19   3.23  -6.45   6.20  41.94
A-T     0.08   0.02   3.37   2.91   9.77  41.54
A-T     0.06  -0.09   3.41   5.45   1.38  42.05
A-T     0.04   0.01   3.44   1.99   5.10  33.56
A-T     0.05  -0.09   3.22   0.40  -2.96  39.75
A-T     0.12   0.00   3.42   1.84  -1.02  35.36
A-T     0.16   0.07   3.36   3.46  15.59  27.10
A-T     0.16   0.09   3.64  -4.15  -3.88  33.18
A-T     0.03  -0.33   3.48  -7.42  -7.67  42.57
A-T     0.15  -0.08   3.35  -2.43   6.36  26.95
A-T     0.06  -0.15   3.35   6.62   9.98  25.61
A-T     0.09  -0.43   3.30   6.67   0.98  37.61
A-T     0.08  -0.15   3.44   1.35  -3.46  42.69
A-T     0.20   0.02   3.41   7.15   3.48  38.57
A-T    -0.27  -0.30   3.56  18.74  -6.17  37.44
A-T     0.12  -0.39   2.36   1.14   8.13  27.97
A-T     0.94   0.25   2.93  -2.09   5.42  36.14
A-T    -1.25   0.94   8.52  39.58  61.65  27.27
A-T     0.34  -0.03   2.87  -5.38   4.47  17.32
A-T     0.35   0.45   2.99   5.48   3.41  32.86
A-T     0.16   0.27   3.54  -2.47   5.72  35.44
A-T    -0.03  -1.37   3.32  -2.86   7.61  21.58
A-T    -0.34  -0.16   3.78  -0.20   6.10  43.12
A-T     0.31   0.56   3.27   1.11   5.07  35.87
A-T     0.22  -0.04   3.09  -3.18   5.61  29.68
A-T    -0.67  -0.13   2.91   3.01   4.68  19.72
A-T     2.11   1.85   7.78 -27.06  60.67  36.10
A-T    -0.49  -0.10   3.13   2.34   1.35  33.62
A-T    -0.62  -0.17   2.82  -5.62   2.51  33.78
A-T    -0.26  -0.06   3.56  -0.22  -1.81  32.81
A-T     0.18   0.13   3.35  -3.87   5.23  34.03
A-T     0.08   0.17   3.64  -1.44   1.72  34.91
A-T     0.23   0.15   3.22 -12.11  -4.20  32.67
A-T     0.08   0.05   3.23  -6.27   9.30  33.72
A-T     0.19   0.07   3.47  -7.85  -2.81  37.04
A-T    -0.32  -0.12   3.43   7.46  -0.42  28.57
A-T    -0.20  -0.06   3.25  -1.52  -1.67  39.88
A-T     0.00  -0.09   3.19   5.62   2.30  34.75
A-T     0.04  -0.12   3.35   0.51  -0.52  32.91
A-T    -0.08  -0.15   3.65  -3.01   9.28  31.30
A-T    -0.16  -0.27   3.38  -5.32   8.35  39.74
A-T    -0.14  -0.01   3.64  -0.11   6.81  35.44
A-T    -0.10  -0.09   3.57   2.99   0.75  37.76
A-T    -0.14   0.07   3.44   2.00  -1.69  34.22
A-T    -0.02  -0.13   3.30   3.98   1.49  39.71
A-T    -0.14  -0.14   3.38  -1.59  -8.18  34.72
A-T     0.06   0.13   3.41  -2.68  11.09  28.90
A-T    -0.19  -0.12   3.36   0.51  -1.33  30.83
A-T    -0.20  -0.14   3.15   0.93   7.07  31.14
A-T     0.07   0.02   3.84  -3.60  -4.89  33.50
A-T     0.07   0.11   3.27   0.51   3.78  34.82
A-T    -0.25   0.09   3.46  -0.56   7.11  31.82
A-T    -0.13  -0.04   3.51  -5.71  -5.12  41.42
A-T    -0.13   0.04   3.37  -4.14   7.20  33.23
A-T    -0.08  -0.41   3.32  -7.91   0.79  31.07
A-T     0.03  -0.16   3.39  -4.10   0.67  30.24
A-T    -0.09   0.05   3.56  -1.36   5.08  30.72
A-T    -0.23  -0.10   3.23  -2.44  -1.65  32.14
A-T    -0.25  -0.12   3.81  -1.25   2.91  29.34
A-T    -0.05   0.23   3.70  -0.85  -3.00  35.81
A-T     0.09  -0.05   3.38  -7.05  -1.66  34.41
A-T    -0.12   0.07   3.60   2.24  -8.12  37.90
A-T     0.06   0.04   3.46   1.44   2.35  36.39
A-T     0.24   0.01   3.46  -5.65  -3.57  37.03
A-T     0.04  -0.06   3.51  -2.44 -10.45  37.44
A-T    -0.05   0.04   3.38   7.58   5.32  40.45
A-T    -0.14   0.06   3.39   1.89  -5.46  36.81
A-T     0.00   0.14   3.32  13.24   1.92  30.18
A-T    -0.09  -0.36   3.39   7.64   2.58  42.92
A-T    -0.07  -0.14   3.39   7.23  -0.84  39.74
A-T     0.01  -0.08   3.41   3.90 -10.36  36.29
A-T    -0.02  -0.07   3.65   4.10  -1.95  31.31
A-T    -0.15  -0.21   3.61   2.14  -0.22  33.13
A-T     0.21   0.00   3.32  -0.89   1.03  40.74
A-T    -0.10  -0.08   3.48  -4.95 -14.28  31.65
A-T    -0.23  -0.08   3.25  -3.56   2.13  33.91
A-T     0.20  -0.08   3.46  -4.26  -2.22  28.16
A-T    -0.14  -0.11   3.32  -4.65  -7.04  31.73
A-T    -0.03  -0.10   3.39  -2.27  -8.23  39.20
A-T    -0.09   0.00   3.46  -0.43  -4.35  31.45
A-T     0.18  -0.06   3.58  -3.74  -9.13  32.66
A-T     0.09   0.12   3.16   1.02   9.06  28.78
A-T    -0.17  -0.07   3.39   3.46   1.27  35.26
A-T    -0.22  -0.24   3.50  -5.06  -6.65  33.21
A-T    -0.21   0.06   3.39   2.18  -3.81  20.25
A-T     0.12  -0.02   3.33   7.03  -0.03  34.60
A-T    -0.17  -0.04   3.44   5.22   3.28  31.62
A-T     0.11  -0.03   3.45  -4.04   6.47  31.18
A-T     0.20  -0.08   3.26   4.26   7.90  26.31
A-T     0.13   0.23   3.43   2.00  -1.06  34.18
A-T     0.05   0.18   3.40   3.47  -2.15  32.69
A-T     0.01  -0.06   3.12   2.56  -3.79  37.33
A-T    -0.01  -0.07   3.39  -1.57   8.18  37.35
A-T    -0.18   0.28   3.34  -0.17  -2.49  39.45
A-T    -0.02   0.05   3.67  -6.39   0.18  38.12
A-T    -0.05   0.09   3.31   0.40  -0.52  34.81
A-T     0.21  -0.17   3.25   0.51  -3.37  35.10
A-T    -0.15  -0.19   3.30   3.71   8.09  40.93
A-T    -0.04  -0.15   3.63   5.32  -3.94  28.68
A-T    -0.23  -0.28   3.18   5.18   4.70  33.46
A-T     0.21  -0.11   3.57  -2.67   1.68  31.97
A-T     0.16   0.17   3.50   0.24  -2.18  37.72
A-T     0.16   0.19   3.47   2.35   2.46  33.91
A-T     0.01   0.08   3.53  -6.26  -2.44  36.84
A-T     0.26  -0.19   3.46   8.02  -6.30  30.73
A-T     0.16   0.20   3.16   3.58  -8.23  31.03
A-T     0.04   0.12   3.33   8.76  -7.36  33.66
A-T     0.26   0.09   3.34  -5.04   7.69  34.81
A-T     0.04  -0.06   3.63  -1.47   0.81  40.07
A-T     0.08   0.03   3.24  -5.10   5.82  33.40
A-T    -0.15   0.05   3.42   0.15  -7.42  32.70
A-T    -0.16  -0.06   3.49  -7.27  -0.14  39.64
A-T    -0.13  -0.17   3.35  -0.99   7.20  31.27
A-T     0.09  -0.20   3.55  -1.86  -3.50  33.81
A-T    -0.02  -0.23   3.42   3.57   8.19  35.10
A-T    -0.12   0.15   3.50   7.11   6.84  34.20
A-T    -0.12   0.03   3.41   1.31   6.43  37.24
A-T     0.10   0.11   3.28  -4.78   2.48  36.66
A-T    -0.10  -0.14   3.13   3.08   0.83  34.08
A-T     0.31  -0.08   3.29   8.62  -2.38  37.13
A-T     0.01   0.15   3.62   1.07   4.56  38.59
A-T     0.13   0.13   3.46   5.41   5.21  38.80
A-T    -0.15   0.06   3.57   0.37  -8.05  27.85
A-T    -0.22  -0.21   3.39   7.98   1.91  40.76
A-T     0.05  -0.07   3.61  -8.70  -1.53  34.99
A-T    -0.03  -0.07   3.40   4.30  -0.55  27.63
A-T    -0.22   0.29   3.55   3.79   2.61  39.95
A-T    -0.06   0.14   3.29   2.78   6.22  36.91
A-T     0.03  -0.06   3.51  -6.29  -0.35  29.80
A-T    -0.22  -0.13   3.45  -1.80  -0.71  33.59
A-T     0.15   0.02   3.35  -8.26  -2.77  38.96
A-T    -0.33   0.11   3.62  -4.74   4.40  34.74
A-T    -0.03  -0.05   3.38  -5.32  -0.34  35.71
A-T    -0.16   0.14   3.37   3.86   7.42  30.02
A-T     0.12   0.07   3.50   0.98   2.91  32.17
A-T     0.01  -0.08   3.60   0.47  -7.11  34.74
A-T     0.24   0.10   3.47  -0.09  -2.41  29.12
A-T     0.21   0.10   3.48  -2.41  -3.45  31.24
A-T    -0.22   0.06   3.32   8.56  -1.41  35.05
A-T     0.15   0.01   3.39  10.53  -2.63  30.93
A-T    -0.14  -0.39   3.44   0.94  -5.45  33.45
A-T     0.13   0.03   3.32   6.82  -0.83  30.87
A-T     0.28   0.17   3.43   0.81  16.93  33.12
A-T    -0.05  -0.01   3.31   3.35  -3.48  36.57
A-T     0.18   0.20   3.19   4.57   2.76  33.98
A-T    -0.04   0.29   3.32  -1.07   3.59  29.71
A-T    -0.07   0.05   3.22  -6.40  -4.60  37.52
A-T     0.07  -0.01   3.39  -0.32   2.06  32.23
A-T    -0.12   0.01   3.55  -1.48  -2.97  30.32
A-T    -0.01  -0.15   3.28  -5.26   2.76  38.25
A-T    -0.20   0.05   3.42   4.30  -0.61  34.69
A-T     0.03  -0.05   3.54   3.00   4.61  29.55
A-T     0.15  -0.28   3.40  -1.43  -0.59  33.57
A-T     0.15  -0.11   3.29  -3.68  -5.74  33.15
A-T    -0.10  -0.00   3.17 -10.59  -4.52  39.05
A-T    -0.22  -0.24   3.31  -2.13   0.08  38.67
A-T     0.10  -0.06   3.27  -6.28  -0.22  35.19
A-T    -0.18   0.03   3.09   3.12   2.46  28.83
A-T     0.15   0.20   3.34  -3.49   8.02  28.58
A-T     0.20   0.15   3.71  -1.28  -0.22  29.54
A-T    -0.12   0.17   3.54  -0.57  -2.65  41.71
A-T    -0.10   0.01   3.38   3.20  -0.94  32.55
A-T    -0.07  -0.00   3.18   2.71   1.33  44.93
A-T     0.03  -0.08   3.43   4.05  -1.92  35.15
A-T     0.07   0.18   3.47  -0.33  -6.82  34.07
A-T    -0.01   0.13   3.47  -0.74   2.14  33.59
A-T    -0.12  -0.14   3.61  -3.04   2.47  40.05
A-T     0.05   0.09   3.52  -3.17   3.91  33.04
A-T    -0.05   0.03   3.69   3.70   3.28  39.31
A-T    -0.05  -0.02   3.41   1.49 -14.98  31.94
A-T     0.14  -0.17   3.58   1.50  -1.55  41.03
A-T     0.14  -0.18   3.22   7.91   2.49  39.46
A-T     0.10   0.15   3.38  -6.35   3.30  25.50
A-T     0.05  -0.12   3.50   2.59   7.73  35.80
A-T    -0.11   0.03   3.27  -1.96   5.50  29.08
A-T     0.01   0.11   3.33  -1.30  -7.75  45.57
A-T    -0.01  -0.20   3.31  -3.19   1.84  33.34
A-T    -0.06   0.07   3.68   1.82   6.52  41.75
A-T     0.21  -0.01   3.67   2.78   3.35  38.23
A-T     0.24   0.02   3.30  -2.63   0.07  28.10
A-T     0.10   0.05   3.43   4.49  -5.62  28.74
A-T     0.02   0.24   3.43   6.17   5.84  31.27
A-T     0.12   0.03   3.75   1.10   7.24  34.18
A-T     0.06   0.01   3.36   6.01  -0.95  37.17
A-T    -0.11  -0.21   3.21  -6.28  -5.57  32.77
A-T    -0.17  -0.07   3.23  -1.72  -1.39  34.40
A-T     0.12  -0.30   3.22   3.06   4.18  35.01
A-T    -0.06   0.11   3.35   5.20   1.04  40.88
A-T     0.14  -0.07   3.44   3.13  -3.32  37.78
A-T    -0.06   0.09   3.37   6.38  -4.40  34.94
A-T    -0.00  -0.04   3.21   4.41   2.37  32.59
A-T     0.08   0.34   3.63   0.44   7.25  26.26
A-T    -0.21   0.18   3.45   1.87   0.49  44.65
A-T    -0.14   0.03   3.38   1.73   3.02  32.62
A-T     0.06   0.19   3.42   6.96   2.98  40.76
A-T     0.15   0.21   3.54  -4.27   1.12  25.50
A-T     0.14   0.02   3.48   3.91  -2.01  41.17
A-T     0.17   0.04   3.61  -4.91   0.43  31.88
A-T     0.12   0.17   3.26   6.38  -3.08  34.56
A-T    -0.01  -0.12   3.65  -0.61  -2.59  37.22
A-T    -0.00   0.07   3.26  -3.27   2.29  40.98
A-T     0.08   0.15   3.35   1.94   1.47  26.07
A-T     0.04  -0.02   3.24   8.79   3.99  36.51
A-T     0.00   0.03   3.11   1.55   0.75  33.28
A-T     0.07  -0.06   3.39  -4.07  -4.17  36.48
A-T    -0.06  -0.10   3.68  -3.77  -5.52  27.52
A-T    -0.04  -0.17   3.49   0.90   6.23  40.77
A-T    -0.16  -0.24   3.24  -1.66  -0.94  34.06
A-T     0.01   0.14   3.54  -2.64  -1.53  26.37
A-T     0.13  -0.02   3.65  -5.60  -3.01  35.30
A-T     0.07   0.02   3.60   8.70   0.91  36.16
A-T     0.13   0.05   3.82  -3.96   2.91  30.82
A-T     0.05  -0.04   3.43  -1.81   7.95  32.12
A-T    -0.02  -0.01   3.41  -5.62   2.29  35.15
A-T    -0.10  -0.16   3.45   6.82 -10.02  42.65
A-T     0.15  -0.04   3.19   2.57  -4.87  33.06
A-T    -0.11  -0.08   3.54   2.73   1.04  40.71
A-T    -0.23  -0.01   3.47  -1.98   0.72  31.64
A-T     0.17  -0.04   3.46   2.71   3.65  40.27
A-T    -0.15  -0.07   3.43   3.14  -8.25  35.94
A-T    -0.06  -0.07   3.38  -0.88   5.83  26.31
A-T     0.17   0.06   3.00  -2.10   0.64  38.64
A-T    -0.23   0.06   3.34  -1.89   0.55  36.87
A-T    -0.02  -0.11   3.38  -2.44  -5.38  31.02
A-T     0.05  -0.14   3.71   6.52   3.76  35.29
A-T    -0.10  -0.07   3.26   1.81  -2.10  25.28
A-T    -0.02   0.08   3.50   3.12   9.78  34.58
A-T    -0.02   0.22   3.46   0.83   0.04  30.74
A-T     0.03  -0.05   3.42   2.35  -4.50  36.19
A-T     0.00   0.11   3.36  -0.88  -6.80  35.05
A-T     0.03  -0.21   3.25  -0.47   7.09  35.23
A-T    -0.03   0.02   3.25   2.77  10.78  41.94
A-T     0.01   0.02   3.36  -1.17  -0.67  20.07
A-T    -0.28   0.25   3.62   0.69  -3.06  34.05
A-T    -0.14   0.29   3.18   0.92  -9.07  37.88
A-T     0.12  -0.03   3.51  -2.40  -6.92  37.52
A-T    -0.23   0.02   3.35  -2.46   5.32  33.28
A-T     0.21  -0.04   3.54   2.62   3.12  30.97
A-T    -0.29  -0.05   3.39   4.63   7.14  33.55
A-T     0.10  -0.04   3.51  -1.35   1.87  33.75
A-T    -0.07   0.06   3.41  10.66   0.84  40.04
A-T     0.11  -0.11   3.34   7.63   1.42  34.92
A-T    -0.08   0.11   3.28  -2.23  -2.31  35.27
A-T    -0.24   0.15   3.06  -1.05  -0.73  40.24
A-T    -0.10   0.12   3.34   3.35  -0.24  28.25
A-T     0.16  -0.08   3.37  -2.99   3.41  39.05
A-T     0.06  -0.04   3.52   1.52   4.92  39.43
A-T     0.19   0.30   3.53   5.52  -4.16  39.09
A-T     0.06   0.06   3.53  -2.00   3.76  34.58
A-T    -0.03   0.23   3.43   2.44  -8.66  38.05
A-T     0.05  -0.29   3.36   0.58   2.93  36.74
A-T    -0.15   0.08   3.37   1.02  -5.77  42.78
A-T     0.20   0.02   3.47  -6.46  -0.44  32.03
A-T     0.06  -0.14   3.27   0.68  -5.29  24.73
A-T     0.16  -0.16   3.63  -0.84  11.82  34.11
A-T    -0.08   0.05   3.39  -5.20   9.34  39.12
A-T     0.05  -0.06   3.44   4.85   4.20  34.88
A-T    -0.33   0.13   3.57  -6.94  -0.04  26.99
A-T     0.04  -0.12   3.33  -1.57  -2.86  43.51
A-T     0.09   0.05   3.82  -3.29   0.75  34.24
A-T    -0.06   0.33   3.30   2.63   8.23  28.83
A-T    -0.03  -0.07   3.28   0.34   2.44  26.39
A-T    -0.04   0.02   3.45   6.91  -2.34  31.27
A-T     0.21  -0.06   3.34   2.37   2.75  29.74
A-T    -0.07   0.04   3.37  -4.92 -12.03  37.86
A-T     0.03  -0.24   3.25  -0.51  -2.03  36.53
A-T     0.08   0.33   3.47   6.26  -5.15  41.08
A-T    -0.04   0.07   3.41  -0.64  -2.08  37.71
A-T     0.05  -0.15   3.50  -2.49   2.22  34.09
A-T    -0.02   0.02   3.32  -2.57  -7.86  32.62
A-T     0.19   0.32   3.22   0.08 -10.84  36.40
A-T    -0.11   0.02   3.37   3.42  -2.20  28.27
A-T    -0.09   0.17   3.46   0.91   3.04  37.33
A-T    -0.06  -0.05   3.36   6.36  -2.54  30.59
A-T    -0.14  -0.11   3.43  -0.46   6.91  32.22
A-T     0.01  -0.05   3.45   3.81   1.10  28.50
A-T     0.02   0.14   3.49   2.67  -0.83  33.27
A-T     0.05  -0.26   3.37  -3.01  -3.14  34.16
A-T    -0.27  -0.30   3.60   2.91   2.15  31.54
A-T     0.01  -0.08   3.44   2.69  -2.39  30.86
A-T    -0.29   0.01   3.54  -0.25  -5.74  29.99
A-T     0.16  -0.12   3.33  -4.02   0.36  35.04
A-T     0.26   0.01   3.33  -1.97  -0.66  40.32
A-T     0.11   0.15   3.31   1.81   5.03  35.51
A-T    -0.09   0.27   3.62  -1.34   4.75  30.40
A-T     0.31   0.09   3.27   5.42   0.20  38.34
A-T     0.09   0.21   3.46   0.43   1.52  33.64
A-T    -0.04  -0.11   3.48   7.83  -1.57  37.96
A-T     0.02  -0.19   3.33  -3.44   3.13  38.29
A-T     0.01  -0.06   3.33   1.53  -7.18  36.14
A-T    -0.09  -0.02   3.56   7.19  -2.65  36.43
A-T     0.05   0.11   3.25  11.43   5.64  27.77
A-T    -0.04  -0.04   3.61  -5.01  13.91  32.20
A-T     0.13   0.05   3.29  -1.80  -3.09  37.63
A-T    -0.21  -0.10   3.30  -0.95   0.91  37.92
A-T    -0.01  -0.17   3.39  -7.70   0.79  36.22
A-T     0.03  -0.32   3.18   1.67   2.19  30.42
A-T     0.24   0.12   3.42   1.44  -2.50  34.27
A-T     0.08   0.24   3.27  -0.34  11.80  23.07
A-T     0.01  -0.17   3.37  -4.81   8.20  33.66
A-T     0.15  -0.06   3.44  -3.44   7.60  39.14
A-T    -0.02   0.20   3.35  -5.36  -4.62  36.09
A-T     0.20   0.05   3.52  -0.67  -1.06  36.85
A-T     0.00   0.07   3.17   1.14  -1.79  28.75
A-T     0.12  -0.09   3.44  -4.17  -2.53  27.77
A-T     0.18   0.08   3.64   0.99  -3.50  37.60
A-T     0.01   0.02   3.20   4.04  -5.36  39.35
A-T    -0.11   0.20   3.64   0.08  -0.29  32.03
A-T     0.09  -0.17   3.38  -2.73  -1.90  34.22
A-T    -0.13  -0.01   3.27   9.18  -1.87  35.45
A-T     0.12  -0.13   3.29   4.49   0.54  37.68
A-T     0.35   0.15   3.16  -0.99  -8.20  42.56
A-T     0.22   0.25   3.38  -0.99  -0.36  31.57
A-T     0.22   0.19   3.48  -0.87  -0.62  39.18
A-T     0.09   0.13   3.42   3.62  -6.66  39.10
A-T     0.17   0.19   3.75   1.15   0.79  33.71
A-T    -0.05  -0.13   3.55  -7.44   3.80  46.36
A-T     0.14   0.15   3.39  -3.08   0.42  36.30
A-T    -0.16   0.02   3.41  -1.73  10.01  31.81
A-T     0.18   0.04   3.45   6.54  -0.84  27.09
A-T     0.07  -0.07   3.19  -0.90   7.85  35.23
A-T    -0.04  -0.11   3.14 -10.93  10.12  33.73
A-T     0.18   0.22   3.49   8.28  -2.26  39.52
A-T     0.10   0.24   3.62  -3.08   6.11  30.16
A-T    -0.30   0.05   3.36  -5.21  -2.87  33.55
A-T     0.02  -0.19   3.45  -2.50  -5.61  34.08
A-T     0.11   0.28   3.53   3.41  -6.58  35.22
A-T    -0.05   0.02   3.60  -1.82  -3.20  34.65
A-T    -0.08   0.05   3.53   5.45   4.62  31.97
A-T    -0.21  -0.08   3.32   0.29  -0.11  36.13
A-T    -0.01   0.02   3.24   6.10   1.28  32.60
A-T     0.01   0.09   3.37   1.91   7.39  28.60
A-T     0.17   0.09   3.50   0.19  -2.81  42.30
A-T    -0.02   0.00   3.34   0.90   7.34  31.97
A-T     0.90  -0.04   2.95   4.21  -0.12  34.58
A-T    -0.23  -0.23   3.05  -1.40   1.36  25.30
A-T    -2.34   2.40   7.75  24.16  63.03  45.48
A-T     0.86  -0.14   2.97  -5.76   4.84  19.73
A-T    -0.25  -0.01   2.85   3.97   2.26  27.77
A-T    -0.17   0.62   3.46   0.63  10.69  34.50
A-T     0.32  -0.32   3.85  -3.42   6.43  44.81
A-T    -0.66  -1.53   3.33   3.65   7.70  25.79
A-T     0.12   0.13   3.43   5.40   2.87  32.21
A-T    -0.03   0.41   2.94  -6.25   4.18  29.72
A-T    -0.49  -0.13   2.95   6.52   5.98  17.96
A-T     1.41   1.88   8.43 -27.86  64.40  39.31
A-T    -0.20   0.41   2.82  -2.04   7.46  17.17
A-T    -0.25   0.05   3.04   1.19   6.14  32.29
A-T    -0.14  -0.08   3.40  -3.11  -4.40  28.89
A-T     0.06  -0.05   3.22   9.51   7.01  37.14
A-T     0.29   0.12   3.21   0.26   2.40  40.06
A-T     0.33  -0.48   3.05   0.78   8.25  32.69
A-T    -0.32   0.28   2.71  -2.10   8.37  21.67
A-T    -1.49   1.68   8.37  33.49  64.12  43.26
A-T     0.51  -0.09   2.97  -1.68   2.98  19.44
A-T    -0.03   0.36   2.91   1.75   7.98  30.89
A-T    -1.05   0.58   3.62  -1.42   4.60  36.54
A-T     1.59  -0.32   3.84   4.47   5.86  29.32
A-T    -0.56  -0.77   3.82  -4.26   3.88  36.85
A-T     0.51   0.13   3.13   8.78  -1.86  34.28
A-T    -0.71   1.32   3.04  -4.11  10.73  33.02
A-T    -0.59   0.02   2.70   8.22   7.14  20.11
A-T     1.84   3.56   7.85 -27.03  64.23  33.92
A-T     0.73   0.94   2.92  -5.46   8.33  23.57
A-T    -0.62  -0.31   3.31  -2.91  -6.70  35.68
A-T     0.07   0.00   3.34   0.37   2.27  36.41
A-T    -0.04  -0.25   3.60  -7.01  -5.78  35.37
A-T    -0.26   0.11   3.64   5.06   4.24  36.15
A-T     0.07   0.10   3.42  -2.60  -1.51  23.70
A-T    -0.07   0.23   3.39  -3.52  -5.37  30.85
A-T    -0.18  -0.08   3.41  -3.36   2.09  38.66
A-T     0.14   0.02   3.44   3.54   2.22  27.84
A-T     0.22  -0.11   3.36  -0.71   3.19  34.11
A-T    -0.02  -0.01   3.33   4.01 -11.82  35.89
A-T     0.38   0.16   3.33   1.46   0.74  29.60
A-T    -0.05   0.06   3.67   5.43  -1.70  36.66
A-T    -0.07   0.02   3.40   3.19  -1.58  34.76
A-T     0.33  -0.03   3.13   2.90  -3.22  37.22
A-T    -0.13   0.16   3.30  -1.64   2.81  29.06
A-T     0.01  -0.10   3.42   9.32   1.56  39.83
A-T     0.14   0.02   3.19  -2.95  -0.98  36.54
A-T     0.20  -0.01   3.22   7.46   2.11  33.53
A-T    -0.00  -0.08   3.47   2.72  -4.30  32.96
A-T    -0.19  -0.15   3.41   4.49   3.03  34.59
A-T     0.28  -0.18   3.43  -3.05  -5.65  38.65
A-T    -0.05   0.18   3.46  -4.06  -3.16  30.93
A-T    -0.24  -0.08   3.35   3.22  12.08  32.96
A-T    -0.09  -0.28   3.37  -2.96   1.30  33.62
A-T    -0.04  -0.15   3.17  -5.61  -3.67  37.43
A-T     0.04   0.35   3.43  -2.03   0.31  39.68
A-T    -0.03  -0.15   3.17  -0.30   2.64  41.69
A-T     0.19   0.01   3.42  -2.99   7.66  34.98
A-T    -0.08  -0.26   3.20   2.01  -0.45  29.29
A-T    -0.29  -0.24   3.43   7.25   2.81  34.73
A-T     0.09   0.11   3.27  -2.52   2.86  31.70
A-T     0.08  -0.31   3.38  -7.32  -5.55  38.41
A-T     0.24  -0.11   3.42  -9.36  -3.60  27.37
A-T    -0.17  -0.31   3.39   5.43  -0.04  34.09
A-T    -0.09  -0.26   3.53   6.22   5.82  42.35
A-T    -0.10   0.17   3.43   4.88   0.28  38.29
A-T    -0.05  -0.06   3.30  -3.03  -5.90  35.74
A-T     0.07   0.00   3.43   2.24   2.99  31.75
A-T    -0.28   0.09   3.41  -3.22  -1.90  41.41
A-T    -0.00   0.11   3.58  -5.53  -3.69  41.40
A-T     0.08   0.02   3.38  -4.08   6.64  35.87
A-T    -0.09  -0.06   3.57   2.92   0.64  32.64
A-T    -0.07  -0.14   3.39  -1.23  -3.77  34.15
A-T     0.10   0.02   3.15  -0.92   8.86  32.23
A-T    -0.13   0.29   3.68   2.11   5.44  34.13
A-T    -0.02   0.11   3.49  -8.42   4.54  31.91
A-T     0.06   0.22   3.32   8.79   0.92  35.89
A-T     0.19  -0.15   3.34   3.02  -4.42  37.37
A-T    -0.08  -0.10   3.45   2.59  -1.56  31.75
A-T    -0.10  -0.10   3.51   3.93  -2.90  34.60
A-T     0.08   0.06   3.36  -1.09   4.72  39.48
A-T    -0.23  -0.04   3.44  -3.34   8.74  35.64
A-T    -0.02  -0.05   3.45   0.51   1.20  38.77
A-T    -0.11  -0.10   3.51  -3.19  -2.31  32.16
A-T     0.18   0.18   3.46  -8.71  -3.84  34.85
A-T     0.04   0.12   3.19  -2.26   0.55  38.08
A-T    -0.21   0.05   3.14  -0.14   7.73  31.14
A-T     0.22  -0.12   3.62   2.60   3.06  36.64
A-T    -0.05  -0.11   3.10  -4.07  -3.25  32.05
A-T     0.00  -0.09   3.25   1.52  -7.64  33.66
A-T    -0.00   0.10   3.49  -1.16  -8.46  36.81
A-T    -0.18   0.09   3.40  10.08   5.05  25.75
A-T    -0.01   0.19   3.30   6.15  -2.10  34.35
A-T    -0.05  -0.02   3.46   4.42   0.33  33.75
A-T     0.04   0.05   3.32  -6.84   0.10  37.04
A-T    -0.18  -0.15   3.49  -4.93   5.08  32.08
A-T    -0.06  -0.03   3.75  -2.38   2.57  34.69
A-T    -0.10   0.16   3.47  -9.77  -2.30  33.84
A-T     0.09  -0.38   3.42  -3.31   5.17  27.01
A-T    -0.12   0.34   3.46   5.38 -10.48  32.28
A-T     0.26  -0.13   3.39  -2.93  -7.96  30.33
A-T    -0.17   0.08   3.37  -4.18   9.27  31.66
A-T     0.03   0.34   3.45  -4.67   1.20  38.93
A-T    -0.02   0.03   3.39   1.23   2.30  31.77
A-T    -0.15   0.21   3.66   2.43  -5.11  34.74
A-T    -0.12  -0.01   3.43  -0.77  -8.80  33.07
A-T     0.20  -0.06   3.24   1.68   2.60  35.34
A-T    -0.17  -0.13   3.19   8.46  -5.81  36.14
A-T     0.05   0.16   3.65   1.34   2.65  37.85
A-T     0.18  -0.04   3.23  -1.71   7.66  38.66
A-T    -0.24  -0.06   2.90  -4.92   7.09  33.12
A-T    -0.08  -0.20   3.54  -0.75  -4.01  40.65
A-T    -0.20  -0.07   3.46   1.80   6.94  34.83
A-T     0.08  -0.02   3.59  -4.04   4.26  38.74
A-T    -0.10   0.23   3.15   7.48  -2.03  21.50
A-T     0.13   0.14   3.31  -1.16  -0.38  36.12
A-T     0.09   0.05   3.31   0.32   0.90  38.14
A-T    -0.06  -0.06   3.38   5.12  -0.83  40.83
A-T    -0.06   0.07   3.37  -6.81  -2.38  40.65
A-T     0.13  -0.06   3.34   1.91   4.20  39.16
A-T     0.10   0.12   3.37   7.74  -3.54  31.65
A-T    -0.06  -0.27   3.17  16.92   0.43  36.02
A-T     0.00  -0.03   3.26  -2.15   3.37  44.94
A-T    -0.05   0.16   3.51   1.31  -3.43  40.37
A-T     0.11  -0.02   3.44  -4.82   2.36  32.41
A-T    -0.07  -0.05   3.66   4.34  -0.83  34.30
A-T    -0.17   0.01   3.56   0.38   5.69  36.64
A-T     0.12  -0.19   3.49  10.98   4.14  35.78
A-T     0.14   0.10   3.32  -3.91   0.30  30.14
A-T     0.24  -0.02   3.37  -4.58   6.15  41.29
A-T     0.14   0.09   3.19   5.93  -2.44  33.64
A-T    -0.09   0.01   3.27  -3.30   1.02  37.51
A-T     0.07   0.11   3.39  -5.22  -1.94  27.82
A-T     0.28   0.18   3.53   4.35   0.19  38.63
A-T     0.00  -0.02   3.48  -0.62   8.41  36.89
A-T     0.24   0.10   3.40  -2.11   0.32  30.87
A-T     0.02  -0.08   3.34  -0.46   8.83  30.33
A-T     0.03  -0.16   3.55  -2.79  -2.68  34.68
A-T     0.12   0.10   3.42  -7.23   2.69  32.76
A-T     0.04  -0.13   3.36  -0.36  -4.07  29.16
A-T    -0.18  -0.01   3.49  -7.67  -1.43  32.26
A-T    -0.11   0.17   3.41  11.99   9.86  36.21
A-T     0.35   0.27   3.57  -0.34  10.54  29.44
A-T     0.08   0.07   3.62  -2.51   5.75  33.91
A-T    -0.15   0.06   3.51  12.37  -0.44  36.48
A-T     0.19   0.02   3.52   0.86  -2.30  34.14
A-T    -0.02  -0.28   3.62   7.06   4.20  35.95
A-T    -0.02  -0.03   3.45  -6.44  -3.85  34.55
A-T     0.04   0.12   3.63   3.62   0.14  39.71
A-T    -0.08  -0.12   3.43  -2.57  -5.52  39.17
A-T     0.08  -0.11   3.26  -4.24   7.65  31.70
A-T     0.02   0.09   3.30   3.90  10.08  30.83
A-T     0.11   0.07   3.39   0.13   0.53  34.67
A-T    -0.13   0.04   3.60   0.68  -4.40  30.23
A-T     0.03  -0.06   3.34  -8.91   2.69  37.50
A-T     0.24  -0.13   3.52  -6.15   5.83  29.47
A-T    -0.06  -0.06   3.83  -7.38   7.59  32.53
A-T    -0.01  -0.02   3.46  10.20  -1.10  35.33
A-T     0.01   0.02   3.49   1.88   1.57  34.74
A-T     0.02   0.27   3.31   5.08  -1.57  39.05
A-T     0.23  -0.11   3.26  -0.36  -1.40  34.70
A-T    -0.10  -0.03   3.40  -0.41  -8.91  33.59
A-T     0.07   0.02   3.18   5.87   0.34  33.62
A-T    -0.00   0.12   3.25   2.73  -6.21  28.97
A-T     0.01  -0.24   3.56  -1.56   4.99  37.79
A-T     0.08   0.04   3.41   2.94   9.21  36.16
A-T    -0.20   0.07   3.38  -0.43   5.70  44.59
A-T    -0.01   0.03   3.38  -4.83   0.22  37.56
A-T     0.19  -0.22   3.47  -7.06  -6.74  37.64
A-T     0.32   0.09   3.29  -0.36  -0.15  35.99
A-T    -0.22   0.07   3.28  -9.71  -7.15  35.74
A-T    -0.10  -0.12   3.55   1.69   0.25  36.39
A-T    -0.16   0.13   3.32  -8.00   0.58  36.06
A-T     0.16  -0.26   3.31  -3.61  -1.52  30.19
A-T     0.09   0.05   3.43   3.59   4.53  33.59
A-T     0.18  -0.04   3.56   1.78  -1.59  35.15
A-T     0.18   0.28   3.34 -12.17  -2.86  31.62
A-T     0.31   0.07   3.36  -2.85  -7.41  28.73
A-T    -0.07   0.09   3.32  -7.68   0.95  31.76
A-T    -0.08   0.02   3.50  -2.12   5.60  28.20
A-T     0.10   0.04   3.43   3.32  -3.84  34.03
A-T    -0.07  -0.05   3.47   0.35   5.14  46.71
A-T    -0.04  -0.08   3.50  -6.26  -4.84  34.62
A-T     0.01  -0.09   3.30   6.39   7.24  32.01
A-T     0.14   0.15   3.48  -5.97  -2.15  40.43
A-T    -0.07   0.11   3.20  -8.81   0.05  42.65
A-T     0.31  -0.08   3.47   6.76  -1.65  30.00
A-T     0.20   0.16   3.35  -1.00  -5.94  29.75
A-T    -0.08   0.10   3.35   1.06  -0.43  29.54
A-T     0.05  -0.04   3.27   2.55   4.34  38.31
A-T    -0.13   0.17   3.43 -10.29   0.35  39.97
A-T    -0.28  -0.10   3.24  -7.20   4.72  35.69
A-T     0.09  -0.10   3.08  -1.73  -2.93  37.02
A-T     0.18  -0.16   3.45  -1.02  -7.29  33.16
A-T     0.11   0.06   3.43  -0.28   0.38  34.66
A-T     0.14   0.01   3.35   3.50  -1.61  28.95
A-T     0.62  -0.17   2.82   5.62   2.51  33.78
A-T     0.49  -0.10   3.13  -2.34   1.35  33.62
A-T    -2.11   1.85   7.78  27.06  60.67  36.10
A-T     0.67  -0.13   2.91  -3.01   4.68  19.72
A-T    -0.22  -0.04   3.09   3.18   5.61  29.68
A-T    -0.31   0.56   3.27  -1.11   5.07  35.87
A-T     0.34  -0.16   3.78   0.20   6.10  43.12
A-T     0.03  -1.37   3.32   2.86   7.61  21.58
A-T    -0.16   0.27   3.54   2.47   5.72  35.44
A-T    -0.35   0.45   2.99  -5.48   3.41  32.86
A-T    -0.34  -0.03   2.87   5.38   4.47  17.32
A-T     1.25   0.94   8.52 -39.58  61.65  27.27
A-T    -0.94   0.25   2.93   2.09   5.42  36.14
A-T    -0.12  -0.39   2.36  -1.14   8.13  27.97
A-T     0.00   0.03   3.19  -2.15  10.93  32.53
A-T    -0.01  -0.17   3.13  -3.99  17.09  39.05
A-T    -0.09   0.27   3.38   8.62  -0.22  35.21
A-T    -0.07  -0.15   3.70  -1.54  -1.31  40.61
A-T    -0.12  -0.01   3.42  -4.61   0.07  29.95
A-T    -0.13  -0.21   3.15  -0.54   1.27  43.10
A-T     0.08  -0.03   3.47   0.96  -1.86  35.92
A-T    -0.06  -0.10   3.48  -3.02  11.39  38.51
A-T     0.05   0.16   3.47   4.52   3.04  37.81
A-T    -0.04   0.06   3.41   1.18   2.43  36.76
A-T     0.00  -0.15   3.22  -9.87   7.22  32.37
A-T    -0.04   0.20   3.13   7.29   0.60  37.45
A-T     0.62  -0.31   3.31   2.91  -6.70  35.68
A-T    -0.73   0.94   2.92   5.46   8.33  23.57
A-T    -1.84   3.56   7.85  27.03  64.23  33.92
A-T     0.59   0.02   2.70  -8.22   7.14  20.11
A-T     0.71   1.32   3.04   4.11  10.73  33.02
A-T    -0.51   0.13   3.13  -8.78  -1.86  34.28
A-T     0.56  -0.77   3.82   4.26   3.88  36.85
A-T    -1.59  -0.32   3.84  -4.47   5.86  29.32
A-T     1.05   0.58   3.62   1.42   4.60  36.54
A-T     0.03   0.36   2.91  -1.75   7.98  30.89
A-T    -0.51  -0.09   2.97   1.68   2.98  19.44
A-T     1.49   1.68   8.37 -33.49  64.12  43.26
A-T     0.32   0.28   2.71   2.10   8.37  21.67
A-T    -0.33  -0.48   3.05  -0.78   8.25  32.69
A-T    -0.17   0.01   3.33  -4.14   1.44  30.77
A-T     0.12  -0.04   3.38   7.73   0.97  29.07
A-T    -0.29  -0.03   3.55   1.78   2.96  32.53
A-T     0.06  -0.05   3.45  -6.65   9.48  39.20
A-T     0.42   0.22   3.43  -7.43   1.47  27.84
A-T     0.10  -0.09   3.39  -7.19  10.18  31.89
A-T    -0.01   0.02   3.33   0.98   4.88  36.97
A-T     0.13  -0.07   3.07   3.88   2.86  30.57
A-T    -0.24   0.10   3.60  -2.79  -6.05  35.69
A-T     0.13   0.01   3.37  -3.77  -0.89  39.17
A-T     0.33   0.03   3.43   8.54  -0.92  29.12
A-T     0.07   0.00   3.16   4.22  -0.34  31.48
A-T    -0.10  -0.16   3.24   2.80   4.38  37.33
A-T     0.13  -0.23   3.31  -7.16   3.54  34.41
A-T     0.18  -0.09   3.47   3.81  -6.40  37.24
A-T    -0.22   0.13   3.36   1.95  -6.69  33.69
A-T    -0.05   0.03   3.62  -2.28   0.07  39.34
A-T    -0.01  -0.03   3.48  -6.54  -3.14  34.97
A-T     0.30  -0.01   3.50  -3.88  -2.96  44.89
A-T    -0.23   0.05   3.68   0.10   2.99  32.14
A-T     0.01   0.17   3.14   7.04  -8.07  33.72
A-T    -0.02  -0.16   3.45   8.51   5.37  38.07
A-T     0.13   0.01   3.50   0.21  -3.18  32.54
A-T     0.12  -0.25   3.43  -6.36  -3.19  33.84
A-T     0.14   0.28   3.44  -1.98  -2.01  28.98
A-T     0.19   0.05   3.17   6.35  -1.28  40.13
A-T    -0.04   0.11   3.39  -7.18  14.29  39.45
A-T     0.23  -0.26   3.26  -4.64   2.15  36.04
A-T    -0.07   0.14   3.37  -0.09   7.15  27.52
A-T    -0.07  -0.16   3.21  -1.09   4.20  36.67
A-T    -0.21   0.17   3.25  -4.95  -0.43  34.19
A-T    -0.20   0.23   3.39   0.60  -0.56  26.89
A-T     0.01   0.04   3.28   8.72   1.64  38.04
A-T     0.26   0.10   3.46   5.11   0.07  36.86
A-T     0.62  -0.17   2.82   5.62   2.51  33.78
A-T     0.49  -0.10   3.13  -2.34   1.35  33.62
A-T    -2.11   1.85   7.78  27.06  60.67  36.10
A-T     0.67  -0.13   2.91  -3.01   4.68  19.72
A-T    -0.22  -0.04   3.09   3.18   5.61  29.68
A-T    -0.31   0.56   3.27  -1.11   5.07  35.87
A-T     0.34  -0.16   3.78   0.20   6.10  43.12
A-T     0.03  -1.37   3.32   2.86   7.61  21.58
A-T    -0.16   0.27   3.54   2.47   5.72  35.44
A-T    -0.35   0.45   2.99  -5.48   3.41  32.86
A-T    -0.34  -0.03   2.87   5.38   4.47  17.32
A-T     1.25   0.94   8.52 -39.58  61.65  27.27
A-T    -0.94   0.25   2.93   2.09   5.42  36.14
A-T    -0.12  -0.39   2.36  -1.14   8.13  27.97
A-T     0.09   0.00   3.46   2.10  -1.60  30.39
A-T     0.22   0.10   3.42  -1.42   4.21  36.79
A-T    -0.28  -0.24   3.59  -8.33  -3.42  32.94
A-T    -0.12   0.18   3.41 -10.12  -4.42  32.31
A-T    -0.13  -0.03   3.41   1.24  -4.30  25.34
A-T    -0.04  -0.09   3.21   0.12  -6.88  26.68
A-T    -0.09   0.16   3.61   0.45  -4.27  27.39
A-T     0.07  -0.20   3.34  -6.49  -7.29  33.63
A-T    -0.48  -0.09   3.09   7.01  -2.42  31.72
A-T    -0.09  -0.18   3.59  -5.05  -2.81  33.48
A-T    -0.06   0.05   3.16  -3.26  -3.24  35.23
A-T    -0.04   0.08   3.34   2.73 -11.27  39.32
A-T     0.06   0.18   3.47 -10.37  -1.28  29.75
A-T     0.07  -0.08   3.32 -10.61  -5.25  34.91
A-T    -0.03  -0.15   3.44   2.01   6.24  29.74
A-T    -0.06  -0.03   3.34  -5.16  -4.29  32.83
A-T     0.11  -0.01   3.25  -2.11  -2.51  33.88
A-T    -0.18   0.04   3.44  -1.69  -3.71  33.07
A-T    -0.10  -0.01   3.18   7.12   6.87  35.64
A-T     0.02  -0.17   3.50   5.35   2.54  33.41
A-T    -0.02   0.06   3.51   0.67   0.19  33.73
A-T    -0.04   0.19   3.28   5.95   4.37  33.36
A-T    -0.27  -0.29   3.71   2.38  -1.98  33.02
A-T    -0.10   0.24   3.36   4.72  -3.44  38.84
A-T     0.04   0.20   3.23   7.69   3.79  38.23
A-T    -0.28   0.09   3.44  -2.34   2.51  29.30
A-T     0.17  -0.03   3.64   5.77  -2.76  32.24
A-T    -0.10   0.30   3.32   2.79   3.36  34.54
A-T    -0.11   0.10   3.59   7.57   0.26  34.71
A-T     0.02  -0.03   3.55   1.84   4.75  38.09
A-T     0.15  -0.20   3.48   0.58   1.17  41.67
A-T     0.04  -0.09   3.50  -5.63   3.61  22.57
A-T    -0.04   0.09   3.34  -0.12  -1.95  33.89
A-T    -0.25  -0.14   3.31  -0.40   5.31  34.47
A-T     0.15   0.07   3.33   3.83  -6.18  39.03
A-T    -0.13   0.03   3.18  -5.67   5.80  40.31
A-T     0.04  -0.05   3.62   2.85   3.68  38.22
A-T     0.30  -0.04   3.43  -7.65   1.06  39.67
A-T    -0.32  -0.01   3.45  -0.15  12.27  34.93
A-T     0.08  -0.08   3.30  -3.09   7.65  36.26
A-T     0.34   0.12   3.33  -2.83  -2.84  29.10
A-T    -0.08  -0.09   3.34  -2.83  -3.60  41.94
A-T     0.15   0.02   3.43  -9.45   2.48  31.06
A-T     0.25   0.02   3.39   2.45  -0.33  33.69
A-T    -0.30  -0.24   3.41  -9.10  -3.47  41.39
A-T     0.14   0.04   3.52  -2.17  -1.75  32.78
A-T    -0.03  -0.10   3.39  -2.58   4.39  37.17
A-T     0.09   0.07   3.40  -0.03   3.45  39.60
A-T    -0.09   0.31   3.41   1.50  -5.33  32.38
A-T     0.01   0.01   3.21  -8.51  -3.81  34.64
A-T    -0.25   0.02   3.55  -4.67  -5.16  36.20
A-T    -0.06   0.00   3.32  -6.11  -9.18  35.45
A-T     0.22   0.14   3.37   1.00   2.84  30.74
A-T    -0.06   0.07   3.28  -1.41   5.10  39.56
A-T     0.09  -0.19   3.20  -6.24   2.68  33.11
A-T     0.06  -0.01   3.24  11.89  -2.23  26.36
A-T     0.14  -0.09   3.43  -1.60  -3.16  36.11
A-T     0.17   0.00   3.45   0.64  -3.14  32.27
A-T     0.02  -0.05   3.34   4.09  -1.44  31.97
A-T     0.03  -0.26   3.25  -4.01  -4.24  27.78
A-T    -0.08   0.03   3.47   0.74  -3.62  34.41
A-T     0.02  -0.29   3.54   9.33  -0.78  28.11
A-T     0.01  -0.06   3.68  -0.64   4.24  35.27
A-T    -0.00  -0.01   3.39  -2.77  -8.24  29.78
A-T     0.10   0.11   3.46  -7.89  -2.85  31.18
A-T     0.06  -0.02   3.35   1.75  -4.33  31.61
A-T     0.10  -0.09   3.52  -1.22  -3.92  29.85
A-T     0.09   0.05   3.33   3.44  -4.07  37.50
A-T    -0.03  -0.05   3.66   2.68  -0.38  30.05
A-T     0.17   0.01   3.50   1.89   2.21  33.44
A-T    -0.05   0.26   3.54  -1.96   0.23  34.58
A-T     0.09  -0.02   3.24  -3.00   1.99  36.94
A-T     0.06   0.12   3.11   7.28  -3.16  31.38
A-T    -0.06  -0.07   3.65  -2.54  -9.37  28.31
A-T     0.06  -0.05   3.39  -3.18   1.81  31.67
A-T    -0.02  -0.20   3.32   4.76   2.48  28.08
A-T    -0.14   0.07   3.58  -1.63  -2.70  38.59
A-T     0.03  -0.23   3.39   4.60  -0.68  38.08
A-T    -0.04   0.09   3.61   1.39  -3.99  32.48
A-T     0.07   0.09   3.65   1.09   8.63  32.06
A-T    -0.16  -0.12   3.32  -2.11   8.16  30.47
A-T     0.14   0.24   3.42   2.23  -2.31  42.44
A-T     0.12   0.02   3.56   6.10  -3.75  33.57
A-T     0.01  -0.09   3.58  -0.34   6.17  32.84
A-T    -0.00  -0.09   3.28  11.59  -2.03  39.57
A-T    -0.07   0.10   3.48  10.40   1.99  33.98
A-T     0.11   0.05   3.34  -3.68  -4.81  31.54
A-T    -0.05  -0.09   3.27  -3.95  -7.62  38.51
A-T    -0.14  -0.06   3.21   1.51   4.69  32.31
A-T     0.24  -0.00   3.25  -9.28  -5.72  43.11
A-T    -0.21  -0.21   3.22   2.17   4.09  36.75
A-T     0.18   0.23   3.29  -3.58  -1.28  39.96
A-T     0.01   0.15   3.46   4.31   1.36  39.67
A-T     0.08  -0.01   3.50  -4.00  -7.45  38.03
A-T    -0.05   0.06   3.17  -2.76  -1.65  35.36
A-T    -0.20  -0.13   3.52  -6.94  -1.32  31.24
A-T     0.00  -0.25   3.37   0.96   0.47  40.40
A-T    -0.02  -0.10   3.32   4.56  -5.15  33.11
A-T    -0.16   0.08   3.51  -6.20  -3.25  33.41
A-T     0.13   0.14   3.24  -0.87  -8.48  37.27
A-T    -0.04  -0.35   3.45   8.17  -9.23  33.86
A-T    -0.06   0.15   3.43   6.93  -3.72  33.78
A-T     0.09   0.03   3.49   4.68   2.61  35.94
A-T     0.14   0.09   3.57   7.54   6.35  32.70
A-T     0.30   0.21   3.23  -0.24   4.38  36.91
A-T    -0.00  -0.09   3.27  -5.63   1.68  27.47
A-T    -0.17  -0.06   3.26   0.77   2.51  32.40
A-T    -0.17   0.03   3.37   9.03   4.38  36.00
A-T    -0.05  -0.19   3.41   4.11   0.32  25.37
A-T     0.23  -0.10   3.41  -5.84  -2.07  38.13
A-T     0.11   0.10   3.59   0.56  -2.46  41.90
A-T    -0.08  -0.11   3.53  -2.88   3.53  32.55
A-T    -0.11  -0.08   3.57   3.70   0.12  37.66
A-T     0.06  -0.03   3.23  -6.51   1.90  36.28
A-T    -0.08  -0.03   3.41  -0.21   2.45  31.46
A-T     0.01  -0.00   3.43  -4.16   0.55  32.05
A-T    -0.02   0.17   3.41   8.10  -8.11  39.52
A-T     0.07  -0.04   3.29   5.20  -9.05  32.18
A-T    -0.22   0.10   3.44  -1.51  14.87  37.60
A-T    -0.06   0.06   3.15  -3.19  -1.58  36.30
A-T     0.00   0.02   3.71  -4.45   4.63  37.35
A-T    -0.04   0.17   3.21  -0.62   1.71  33.31
A-T     0.06   0.23   3.46  -3.71  -6.43  32.15
A-T    -0.12   0.10   3.36  -3.86  11.33  33.97
A-T    -0.03   0.17   3.41  -0.59   0.11  33.35
A-T    -0.12   0.07   3.25   4.21  -2.01  34.78
A-T     0.31   0.08   3.31  -7.64  -2.92  38.39
A-T     0.11  -0.04   3.38  -5.83  -4.30  37.87
A-T    -0.01   0.01   3.50  -1.35   4.36  30.45
A-T     0.20  -0.13   3.51  -3.11  -5.02  28.12
A-T    -0.01   0.16   3.49  -4.63   4.14  34.84
A-T    -0.13  -0.08   3.49   0.44   0.89  35.93
A-T     0.11   0.14   3.61   0.75  -1.70  33.51
A-T     0.06   0.00   3.38   0.61  -2.98  27.60
A-T     0.04  -0.24   3.53   0.52  13.67  39.68
A-T    -0.09   0.06   3.30   0.74  -7.44  30.31
A-T    -0.08  -0.12   3.49   1.39   0.99  40.80
A-T     0.06   0.08   3.31  -2.41  -0.40  36.53
A-T     0.08  -0.28   3.56   5.10  -6.41  31.14
A-T     0.11   0.11   3.40  -0.45   3.90  41.16
A-T    -0.05   0.11   3.43  -2.95   8.86  36.16
A-T     0.04   0.02   3.57  -3.04 -11.28  27.28
A-T    -0.04   0.12   3.73   5.06   8.79  40.16
A-T     0.09   0.06   3.40   0.49  -4.39  31.22
A-T     0.01   0.13   3.57  -3.38  -1.46  35.98
A-T     0.05   0.04   3.27   2.06  -0.02  40.50
A-T     0.04   0.16   3.66  -3.30   5.27  32.62
A-T    -0.09  -0.11   3.08  -8.00   0.98  30.70
A-T     0.00   0.01   3.34   4.96  -0.60  35.14
A-T     0.19   0.09   3.25   3.80   7.84  36.51
A-T    -0.20   0.14   3.24  -3.67   3.51  27.26
A-T    -0.14  -0.13   3.17  -8.98   1.25  40.95
A-T    -0.10  -0.07   3.17   0.38   0.78  39.80
A-T    -0.07   0.01   3.65  -1.84   3.38  34.32
A-T     0.11  -0.01   3.27  -5.55  -1.99  38.40
A-T     0.07  -0.16   3.53   0.76  -7.30  37.20
A-T     0.14  -0.13   3.42  -2.26  -6.12  32.65
A-T     0.10   0.03   3.41  -9.36  -0.15  39.82
A-T    -0.02  -0.02   3.57   0.61   0.83  36.05
A-T    -0.14   0.10   3.32  -0.38  -3.16  40.85
A-T    -0.06  -0.03   3.38   3.62  -2.28  34.46
A-T     0.17   0.21   3.25   3.46   5.00  39.88
A-T    -0.03  -0.12   3.49  -3.59  -2.99  38.50
A-T     0.05   0.04   3.28   0.38  -5.08  35.31
A-T    -0.07   0.12   3.55   1.33   1.94  33.21
A-T    -0.12  -0.16   3.29   5.55  -1.33  24.33
A-T     0.01  -0.25   3.31  -4.94   0.23  27.15
A-T    -0.40  -0.17   3.29  -3.37   3.29  33.81
A-T     0.02  -0.05   3.34  -5.48  -0.16  36.33
A-T    -0.19  -0.09   3.45  -3.46  -4.54  33.48
A-T    -0.20   0.11   3.60  -0.79   2.32  39.54
A-T     0.04   0.17   3.14   6.82   0.98  39.96
A-T    -0.15   0.10   3.37  -1.56  -2.56  33.70
A-T    -0.15   0.27   3.37  -5.90  -2.65  30.84
A-T     0.35   0.06   3.31   4.04  -7.87  36.04
A-T     0.11  -0.26   3.61  -3.59  -2.44  29.72
A-T    -0.15   0.26   3.45   2.47 -10.12  27.33
A-T    -0.02  -0.30   3.30  -3.19   1.73  34.02
A-T    -0.63  -0.67   3.04   4.35   1.20  30.75
A-T     0.35   0.28   2.94  -2.16   8.71  28.13
A-T    -1.01   2.03   8.25  35.48  62.69  34.71
A-T     0.34  -0.26   3.13  -4.99   5.35  21.10
A-T    -0.12   0.54   3.06   7.37   5.77  29.43
A-T    -1.09   0.85   3.23  -5.57   4.58  33.08
A-T     0.79  -0.09   3.59   7.69   7.75  43.29
A-T     0.28  -0.94   3.47  -4.23   4.50  24.64
A-T    -0.18   0.36   3.46   1.62   6.40  33.10
A-T    -0.07   0.31   3.00  -6.20   3.62  28.57
A-T    -1.15  -0.50   2.94   6.65   7.70  21.83
A-T     2.34   2.11   7.87 -29.02  55.44  41.95
A-T     0.33  -0.56   2.83   0.72   7.39  20.69
A-T     0.01  -1.21   3.45  -2.00   4.94  38.72
A-T    -0.14   0.06   3.48  -9.64  -5.11  33.24
A-T    -0.13   0.17   3.76   4.25   5.38  29.92
A-T     0.06  -0.09   3.42  -3.11   4.73  35.25
A-T    -0.03   0.14   3.27  -1.91  -0.86  35.41
A-T    -0.02   0.10   3.59  -5.33  -1.61  29.49
A-T     0.62  -0.31   3.31   2.91  -6.70  35.68
A-T    -0.73   0.94   2.92   5.46   8.33  23.57
A-T    -1.84   3.56   7.85  27.03  64.23  33.92
A-T     0.59   0.02   2.70  -8.22   7.14  20.11
A-T     0.71   1.32   3.04   4.11  10.73  33.02
A-T    -0.51   0.13   3.13  -8.78  -1.86  34.28
A-T     0.56  -0.77   3.82   4.26   3.88  36.85
A-T    -1.59  -0.32   3.84  -4.47   5.86  29.32
A-T     1.05   0.58   3.62   1.42   4.60  36.54
A-T     0.03   0.36   2.91  -1.75   7.98  30.89
A-T    -0.51  -0.09   2.97   1.68   2.98  19.44
A-T     1.49   1.68   8.37 -33.49  64.12  43.26
A-T     0.32   0.28   2.71   2.10   8.37  21.67
A-T    -0.33  -0.48   3.05  -0.78   8.25  32.69
A-T     0.21   0.15   3.53  -3.37   4.35  39.03
A-T    -0.33  -0.09   3.30   3.66   1.41  34.69
A-T    -0.27   0.08   3.25  -0.14  -4.04  38.67
A-T     0.12  -0.14   3.32  -3.93   9.71  36.13
A-T     0.03  -0.01   3.56  -1.39   0.12  42.76
A-T     0.00  -0.00   3.36   2.24  -0.19  39.66
A-T    -0.01  -0.15   3.43  -4.16   4.89  35.17
A-T    -0.10  -0.08   3.38   8.97   4.98  32.35
A-T     0.04   0.02   3.48  -4.75  -0.61  40.23
A-T    -0.06  -0.15   3.25  -0.07   0.64  38.79
A-T     0.19   0.07   3.31  -0.22  -0.90  38.44
A-T     0.02   0.05   3.35  -1.95   6.33  41.82
A-T     0.11   0.11   3.52  -4.04 -12.94  47.65
A-T     0.04  -0.21   3.42  13.48   1.93  35.08
A-T    -0.07   0.26   3.45   0.64   9.34  33.54
A-T     0.09   0.08   3.32  -0.51  -6.06  34.80
A-T    -0.12   0.02   3.19   6.94  -0.02  37.44
A-T    -0.10   0.10   3.29   2.56  -1.02  29.33
A-T    -0.10  -0.20   3.45   2.75  -5.13  32.46
A-T    -0.44  -0.09   3.38   9.05   0.16  37.15
A-T    -0.18   0.35   3.40  -1.37  -1.50  29.08
A-T     0.22   0.03   3.32   0.56  -3.13  33.35
A-T    -0.10   0.29   3.43   3.17   1.44  35.36
A-T    -0.00  -0.01   3.17   3.95   0.51  31.98
A-T    -0.25   0.09   3.55  -1.54   6.55  33.08
A-T     0.30   0.01   3.39   0.32  -2.41  34.56
A-T     0.15   0.21   3.45   1.84   8.14  39.27
A-T     0.15  -0.23   3.58   5.90  -2.53  34.23
A-T    -0.08   0.02   3.63  -0.86   8.13  36.40
A-T     0.17  -0.21   3.44  -0.77  -7.70  36.41
A-T     0.16  -0.03   3.33   1.27  -3.24  38.69
A-T     0.04   0.06   3.53   5.31   7.25  29.85
A-T    -0.02  -0.14   3.44  -6.13   6.50  29.07
A-T     0.19   0.12   3.10  -6.92  -0.96  31.45
A-T     0.03   0.18   3.44   3.53  -6.48  33.56
A-T    -0.04   0.31   3.28   8.13  -3.04  33.03
A-T     0.04  -0.02   3.09  -3.63   5.03  37.65
A-T    -0.04  -0.07   3.37   0.38  -2.48  30.50
A-T     0.20   0.07   3.19  -1.99   5.23  24.92
A-T    -0.01   0.22   3.21  -8.00   0.63  38.78
A-T     0.07   0.05   3.37  -2.64   6.34  34.70
A-T     0.22   0.10   3.28  10.22   1.97  39.91
A-T     0.12   0.20   3.42   8.23  -4.55  30.34
A-T    -0.38  -0.25   3.56   8.58   2.88  30.70
A-T    -0.16  -0.07   3.44  -0.27   8.54  28.69
A-T    -0.01   0.11   3.54  -1.34   8.13  26.63
A-T     0.02   0.15   3.30  11.07  -2.93  35.10
A-T    -0.16   0.03   3.25   0.54 -14.05  37.46
A-T    -0.08   0.05   3.41   1.23  -1.02  35.04
A-T     0.04  -0.04   3.16   0.37  -1.91  32.96
A-T    -0.01  -0.01   3.51   4.15   5.34  38.09
A-T     0.23  -0.19   3.35   3.79   3.67  32.88
A-T    -0.13   0.04   3.51  -2.43  -5.16  24.32
A-T    -0.06  -0.02   3.31   4.34   3.35  31.62
A-T    -0.04   0.06   3.57   0.21  -8.24  36.48
A-T    -0.04  -0.12   3.34   0.83   5.43  32.11
A-T     0.12   0.08   3.25  -1.94  -2.46  34.12
A-T    -0.04  -0.06   3.57   6.27   5.39  38.29
A-T    -0.02  -0.11   3.38  -9.09   5.13  38.24
A-T    -0.20  -0.05   3.37   0.35  -8.63  39.56
A-T    -0.04   0.07   3.47  -7.90  -7.07  31.07
A-T     0.04  -0.19   3.61  -0.02   0.34  29.62
A-T    -0.11  -0.08   3.39   1.73  -4.11  35.65
A-T    -0.17   0.17   3.34  -2.65  -2.63  28.07
A-T     0.17   0.03   3.42  -4.32   2.78  30.90
A-T     0.03   0.35   3.61  -6.98   6.79  37.97
A-T     0.00   0.00   3.48  -1.85  -0.68  28.72
A-T    -0.01  -0.20   3.55  -2.00   3.53  37.20
A-T     0.06  -0.04   3.51  -6.05  -2.83  29.81
A-T    -0.17  -0.32   3.40   0.13  -0.49  36.90
A-T    -0.11  -0.10   3.31  -1.71  -1.11  33.02
A-T    -0.09  -0.06   3.12   4.51  -4.79  32.76
A-T    -0.01  -0.31   3.16   2.79  -7.40  30.62
A-T    -0.09  -0.32   3.35  -5.25   4.60  34.19
A-T     0.26  -0.03   3.43   1.91  -5.15  35.87
A-T    -0.16   0.16   3.21   2.04   2.14  33.04
A-T    -0.06   0.14   3.28  -1.85   1.70  26.52
A-T     0.23  -0.11   3.53   7.48   1.28  37.62
A-T    -0.09   0.20   3.55 -13.29  -1.12  35.54
A-T    -0.09   0.09   3.42  -0.51   0.96  38.61
A-T    -0.05  -0.10   3.19   1.04   2.70  35.99
A-T     0.10   0.02   3.39  -6.03   0.34  37.60
A-T    -0.21  -0.15   3.34  -1.40  -1.92  33.25
A-T    -0.14  -0.14   3.40  -1.72  -6.00  34.20
A-T    -0.10   0.31   3.45   5.25  -7.14  32.49
A-T    -0.11   0.02   3.34  -4.13 -15.12  32.32
A-T    -0.03   0.00   3.48  -1.41  -3.72  32.18
A-T    -0.09  -0.10   3.47  -6.20   1.19  36.20
A-T     0.01   0.13   3.26  -1.00   3.66  38.84
A-T    -0.19   0.21   3.55   1.83   1.44  38.67
A-T    -0.23   0.16   3.32  -2.34  -6.29  31.78
A-T    -0.18  -0.01   3.32   1.43   2.66  27.81
A-T    -0.14   0.08   3.58  -4.24   2.48  33.13
A-T     0.08  -0.05   3.28   1.70  -3.63  42.43
A-T     0.11  -0.02   3.69   0.64   4.74  39.90
A-T     0.11   0.04   3.46  -2.03  -8.19  27.81
A-T     0.24   0.00   3.47   0.86  -1.82  33.15
A-T    -0.05   0.14   3.27  -1.92  -2.36  30.89
A-T     0.22   0.16   3.42 -11.11   1.70  36.61
A-T    -0.06  -0.08   3.43  -0.50   1.45  36.45
A-T    -0.13   0.24   3.25   1.08  -0.35  30.24
A-T     0.02   0.13   3.17  -0.22  -0.59  33.94
A-T    -0.06  -0.30   3.39  10.98  -0.79  34.93
A-T    -0.06   0.15   3.31  -0.70   5.24  32.57
A-T     0.09   0.00   3.61  -5.80  -7.80  29.33
A-T     0.00   0.23   3.54  -1.21  -6.09  37.90
A-T     0.12   0.15   3.27   8.20   0.25  31.55
A-T    -0.04  -0.20   3.27  -2.04   1.98  35.38
A-T    -0.11  -0.09   3.06   8.22  -2.72  36.82
A-T    -0.08  -0.08   3.57   7.98   2.18  37.52
A-T     0.11   0.11   3.23   3.29   6.61  36.36
A-T     0.04   0.20   3.30   9.07  -8.01  29.59
A-T     0.02   0.10   3.28   0.19  -3.86  38.02
A-T    -0.01  -0.17   3.43  -1.13   2.01  33.90
A-T    -0.20   0.09   3.51   2.48   5.61  35.40
A-T     0.24   0.11   3.54   5.65   0.91  39.01
A-T     0.10  -0.15   3.42   1.02   6.29  33.87
A-T     0.13   0.11   3.05  10.55   1.47  29.22
A-T     0.20   0.10   3.29   1.03  -3.13  36.43
A-T    -0.12   0.06   3.70  -3.02   6.40  35.23
A-T    -0.12   0.16   3.25   5.01   4.86  34.66
A-T    -0.10  -0.11   3.31  -2.17   3.69  27.35
A-T    -0.07  -0.01   3.27  -4.07  -7.79  31.06
A-T     0.10  -0.13   3.25  -0.34   3.39  37.46
A-T     0.02  -0.13   3.42   3.44   7.88  29.70
A-T     0.14   0.17   3.71  -3.11   4.44  38.69
A-T    -0.03   0.04   3.38   7.39   3.82  31.12
A-T    -0.12   0.01   3.45   2.13   2.22  36.90
A-T    -0.07   0.09   3.32   2.35   0.47  32.13
A-T    -0.26  -0.45   3.41  -9.60   2.35  28.89
A-T     0.03  -0.15   3.54   0.03   0.80  32.67
A-T    -0.14  -0.34   3.51  -3.35  -0.52  38.83
A-T    -0.18  -0.13   3.45  -2.06  -5.38  30.61
A-T     0.01   0.08   3.33   0.91   5.40  31.78
A-T     0.20   0.05   3.42   3.12  -5.84  45.45
A-T     0.10   0.13   3.41   1.43  -0.07  39.44
A-T    -0.10  -0.31   3.36  -5.21  -2.08  37.05
A-T    -0.05   0.10   3.49   1.14   6.30  31.55
A-T    -0.35  -0.05   3.31  -7.54   1.45  33.62
A-T    -0.16  -0.22   3.50  -3.68  -1.51  37.47
A-T    -0.34  -0.00   3.46  -8.33   3.78  32.43
A-T    -0.16   0.04   3.52   5.32  -8.98  33.42
A-T     0.14   0.16   3.48   8.61  -2.54  38.05
A-T    -0.39  -0.27   3.39   4.47   1.41  29.73
A-T     0.16  -0.31   3.39   6.37   2.00  31.01
A-T     0.11  -0.11   3.57  -0.16   7.87  31.37
A-T     0.08  -0.21   3.20   2.76   9.20  26.96
A-T    -0.06   0.10   3.06   0.13   9.14  35.90
A-T    -0.16  -0.08   3.38  -5.28  -2.47  33.89
A-T    -0.11   0.23   3.55   9.02   4.47  25.23
A-T    -0.05   0.01   3.32   4.44  -0.58  42.25
A-T     0.06  -0.13   3.48   0.25   4.42  38.91
A-T     0.16  -0.08   3.49   9.22  -1.04  33.52
A-T    -0.03   0.01   3.32  -3.75 -15.75  31.49
A-T    -0.19  -0.07   3.40   2.83  15.08  37.81
A-T     0.15   0.41   3.17   4.50   5.61  39.85
A-T    -0.04   0.06   3.44   0.89  -5.44  34.97
A-T    -0.13   0.06   3.45   6.89   9.55  32.70
A-T    -0.19   0.31   3.30   1.41  -4.30  36.84
A-T    -0.04   0.03   3.24  -9.35   5.89  33.02
A-T     0.18   0.06   3.17   1.56  10.70  29.42
A-T     0.06  -0.02   3.70  -1.74  -7.72  31.15
A-T     0.18   0.06   3.49   2.37  -4.17  36.87
A-T    -0.09   0.10   3.48  -3.79  -4.62  38.06
A-T    -0.07   0.15   3.42  -3.78   2.18  34.53
A-T     0.16  -0.09   3.28   1.21   1.93  39.79
A-T    -0.06   0.36   3.65   0.24  -1.82  35.09
A-T    -0.00  -0.05   3.58  -3.38   3.06  31.49
A-T     0.01  -0.20   3.75  -2.83   1.46  30.42
A-T    -0.07   0.05   3.54  -0.80  -2.79  33.25
A-T     0.16  -0.18   3.35  -1.98   2.03  33.02
A-T    -0.12   0.09   3.31   3.26   5.07  42.81
A-T    -0.00   0.12   3.43  -0.69   2.07  31.12
A-T    -0.15  -0.11   3.43  -2.02 -11.28  38.07
A-T    -0.08  -0.21   3.37   3.95   2.38  26.90
A-T     0.09  -0.06   3.37   1.37  -2.52  39.50
A-T    -0.06  -0.10   3.41   0.77  -0.34  32.01
A-T     0.29  -0.15   3.54   2.23  -0.02  32.70
A-T    -0.09   0.04   3.41  -6.23   3.75  36.27
A-T     0.03   0.04   3.29  -6.55   5.21  37.03
A-T    -0.07   0.09   3.35   1.45   0.83  41.37
A-T     0.09  -0.21   3.64   6.51   0.04  33.19
A-T     0.19  -0.01   3.59   0.76   0.56  31.74
A-T     0.08   0.10   3.44   3.87  -2.21  31.80
A-T    -0.14   0.10   3.59  -0.20   3.72  30.06
A-T    -0.02  -0.03   3.51  -3.12   0.60  43.31
A-T    -0.02  -0.23   3.09   3.67  -3.06  39.59
A-T     0.05   0.12   3.74  -2.71   2.32  33.24
A-T    -0.09   0.37   3.33  -0.03  -1.66  36.16
A-T     0.00  -0.03   3.11  -2.59   1.59  39.66
A-T     0.05   0.03   3.55   0.12  -9.15  27.13
A-T     0.10  -0.01   3.12  -3.04   7.18  31.27
A-T    -0.06  -0.04   3.64  -7.95   4.44  30.91
A-T     0.18  -0.13   3.54  -1.04  -3.42  31.21
A-T    -0.04   0.10   3.48  -8.32  -7.51  41.83
A-T     0.10  -0.00   3.45  -2.24  -2.62  32.01
A-T     0.03  -0.05   3.48  -4.80  10.70  36.54
A-T    -0.01   0.25   3.62   2.48  -1.41  40.74
A-T    -0.12   0.03   3.68   3.85   1.99  39.89
A-T     0.07   0.23   3.34  -4.29   3.82  36.23
A-T     0.02  -0.06   3.53   6.79   3.12  40.63
A-T    -0.01   0.08   3.28  -1.88  -5.01  29.74
A-T     0.08  -0.03   3.43  -5.37   1.54  33.99
A-T     0.07  -0.09   3.67   2.67  -3.59  31.33
A-T     0.03  -0.17   3.56  -4.30  -1.30  28.78
A-T     0.04   0.11   3.33   2.12   0.96  31.93
A-T    -0.20  -0.13   3.49   2.65   2.17  36.78
A-T    -0.00   0.20   3.34  -3.93   1.48  36.88
A-T    -0.02   0.07   3.22  -1.63  -9.52  26.86
A-T    -0.12   0.18   3.31   3.71   1.20  29.96
A-T    -0.07  -0.11   3.23   3.07   0.36  35.54
A-T    -0.11   0.14   3.65   3.22  -6.07  31.81
A-T    -0.03  -0.26   3.43  -1.46   0.79  34.16
A-T     0.02  -0.13   3.36  11.27  11.28  30.93
A-T    -0.10  -0.01   3.43  -5.88   3.79  34.89
A-T    -0.07   0.00   3.49   6.00   5.92  40.96
A-T    -0.02  -0.17   3.36   1.40  -5.70  33.55
A-T     0.17   0.23   3.36  -3.13   2.43  30.65
A-T     0.24   0.26   3.38   0.03   0.33  37.55
A-T    -0.01   0.02   3.49  -1.61  -2.11  31.03
A-T    -0.04  -0.17   3.42  -5.26   3.87  30.60
A-T    -0.24   0.22   3.36  11.83   0.57  32.87
A-T     0.20  -0.22   3.35   1.90  -3.22  33.45
A-T     0.25  -0.24   3.66   0.34   8.84  40.00
A-T     0.11  -0.10   3.36   3.66  -6.35  40.87
A-T    -0.08  -0.08   3.62  -2.67  -9.05  35.84
A-T    -0.23  -0.04   3.39  -4.58  -0.16  32.70
A-T    -0.06   0.01   3.46   2.07   7.55  36.67
A-T    -0.03  -0.08   3.48   2.75  -5.00  32.81
A-T     0.19   0.05   3.33   1.40  -0.62  35.47
A-T     0.21   0.05   3.31   1.23  -6.77  35.27
A-T    -0.15  -0.08   3.27   6.95  -9.23  39.81
A-T     0.14   0.12   3.49  -6.07   5.02  33.82
A-T     0.04   0.01   3.28   8.94   6.57  34.15
A-T     0.01   0.17   3.40   1.98  -0.51  27.16
A-T    -0.13  -0.30   3.56  -2.84  -3.98  28.72
A-T     0.16   0.22   3.18  -7.60   0.61  33.93
A-T     0.12   0.19   3.45  -7.04   3.72  33.84
A-T    -0.31   0.01   3.37   0.66  -3.82  33.05
A-T    -0.19  -0.15   3.44  -2.41  12.91  35.30
A-T    -0.02   0.15   3.28   2.21  -5.93  34.13
A-T    -0.12   0.08   3.46  -6.45   1.35  36.22
A-T    -0.07   0.01   3.25  10.26   8.67  35.06
A-T    -0.04   0.07   3.32  -4.37  -0.07  34.63
A-T     0.29   0.09   3.29  -0.96   0.21  26.74
A-T     0.02   0.10   3.42  -2.68   4.26  31.45
A-T    -0.05  -0.07   3.40  -0.34  -2.45  34.63
A-T    -0.10   0.45   3.12   2.92   1.32  32.85
A-T     0.05  -0.15   3.39  -4.49  -1.99  31.95
A-T    -0.01   0.17   3.18  -3.67  -2.24  43.96
A-T     0.01   0.11   3.44   1.76  -3.79  37.86
A-T     0.05  -0.18   3.28  -1.27  -2.49  38.20
A-T     0.22   0.01   3.46   5.38  -3.17  30.79
A-T     0.15   0.13   3.38  -7.48  -4.32  36.25
A-T    -0.10  -0.21   3.59  -5.86   1.80  33.47
A-T     0.09  -0.06   3.15  -4.51   3.31  37.19
A-T     0.01   0.15   3.24  -5.17  -3.37  31.67
A-T     0.03   0.08   3.43   2.20  -4.85  34.49
A-T     0.02   0.18   3.54  -1.71  -2.59  36.05
A-T     0.06   0.02   3.13  -0.68  -1.40  35.76
A-T    -0.11   0.03   3.61  -9.07  -3.12  32.79
A-T     0.04   0.09   3.26  -4.51   5.85  31.98
A-T     0.10   0.05   3.23  -3.63   0.09  36.58
A-T     0.02   0.27   3.28   7.75  -1.08  36.33
A-T    -0.13   0.10   3.49   9.60   3.34  38.68
A-T    -0.25   0.04   3.26   3.93   1.68  28.96
A-T     0.14   0.02   3.45   0.61   8.88  30.60
A-T     0.34   0.10   3.54  -1.60  -6.79  38.01
A-T     0.01   0.10   3.40   1.02   8.78  34.83
A-T    -0.07   0.21   3.68   7.31  -4.94  34.78
A-T     0.11   0.14   3.45  -3.05   5.84  37.14
A-T    -0.13  -0.11   3.40   2.27  -7.26  31.73
A-T    -0.11  -0.02   3.45   1.79  -3.78  32.94
A-T    -0.01  -0.23   3.40   4.12  -1.65  32.85
A-T    -0.03   0.10   3.08   0.34  -4.51  29.59
A-T    -0.13  -0.12   3.28  -0.06   0.45  34.09
A-T    -0.06   0.13   3.30   5.12  -1.88  31.34
A-T     0.01   0.11   3.33   0.93  -0.77  37.83
A-T     0.35   0.10   3.33   8.19   3.26  35.73
A-T    -0.06   0.06   3.50  -1.14   1.28  44.45
A-T     0.11  -0.12   3.43   3.35  -0.30  35.44
A-T    -0.16  -0.12   3.46  -1.06   2.69  32.94
A-T     0.09   0.21   3.53  -1.93   0.03  33.71
A-T    -0.12  -0.08   3.32   0.39   0.95  36.73
A-T     0.03  -0.21   3.44  -2.67  -3.00  28.67
A-T    -0.02  -0.09   3.51   8.09 -11.24  36.88
A-T    -0.13   0.23   3.25   1.43   4.09  35.11
A-T    -0.02  -0.09   3.51  -3.24   2.24  41.13
A-T     0.19   0.18   3.28   0.97  -4.81  30.16
A-T     0.18  -0.10   3.31   6.83   2.24  38.70
A-T    -0.13   0.06   3.51  -1.41  -3.53  28.28
A-T    -0.01  -0.06   3.21   5.63   1.00  37.95
A-T    -0.03   0.32   3.23  -8.51  -5.80  34.54
A-T     0.28   0.23   3.42   1.66   5.55  37.53
A-T     0.08  -0.30   3.47   5.18  -3.94  36.80
A-T     0.15   0.02   3.23  -3.11   2.72  28.11
A-T     0.06  -0.01   3.51   0.73   6.69  29.54
A-T    -0.09  -0.03   3.24   2.58  -1.11  30.75
A-T     0.06  -0.14   3.51  -0.75  -6.29  37.07
A-T     0.04   0.10   3.55  -2.85  -7.49  35.20
A-T    -0.18   0.07   3.43   1.72  -0.98  28.59
A-T     0.19  -0.04   3.38   5.73   0.69  26.53
A-T     0.24  -0.08   3.13   5.09  -2.25  35.92
A-T     0.15   0.11   3.23  -5.59  -6.81  30.13
A-T    -0.33  -0.08   3.58   2.01   7.26  36.87
A-T    -0.12   0.11   3.61   2.99  -4.12  26.07
A-T    -0.29   0.13   3.28  -2.79  -0.27  39.00
A-T     0.01  -0.08   3.78   3.22   1.44  36.76
A-T     0.25   0.05   3.04  -1.19   6.14  32.29
A-T     0.20   0.41   2.82   2.04   7.46  17.17
A-T    -1.41   1.88   8.43  27.86  64.40  39.31
A-T     0.49  -0.13   2.95  -6.52   5.98  17.96
A-T     0.03   0.41   2.94   6.25   4.18  29.72
A-T    -0.12   0.13   3.43  -5.40   2.87  32.21
A-T     0.66  -1.53   3.33  -3.65   7.70  25.79
A-T    -0.32  -0.32   3.85   3.42   6.43  44.81
A-T     0.17   0.62   3.46  -0.63  10.69  34.50
A-T     0.25  -0.01   2.85  -3.97   2.26  27.77
A-T    -0.86  -0.14   2.97   5.76   4.84  19.73
A-T     2.34   2.40   7.75 -24.16  63.03  45.48
A-T     0.23  -0.23   3.05   1.40   1.36  25.30
A-T    -0.90  -0.04   2.95  -4.21  -0.12  34.58
A-T     0.07  -0.11   3.34   0.73   7.30  32.79
A-T    -0.10  -0.18   3.46   2.92  -1.67  38.37
A-T     0.04  -0.29   3.21  -8.18   2.64  29.88
A-T     0.08  -0.08   3.37  -1.43  -5.11  29.89
A-T    -0.15  -0.08   3.70  -2.91  -8.33  37.05
A-T     0.13   0.08   3.35   1.05   0.93  29.51
A-T    -0.26   0.04   3.46  -5.69   9.15  35.48
A-T     0.08   0.18   3.45  -6.45  -5.77  35.54
A-T     0.06   0.02   3.34  -1.49  -5.13  40.64
A-T     0.06   0.02   3.19 -10.27   4.51  42.05
A-T    -0.07  -0.10   3.30   0.70   6.51  36.96
A-T    -0.22   0.03   3.43   4.03   7.34  42.95
A-T     0.07  -0.02   3.43   3.25  -3.82  30.99
A-T     0.10   0.21   3.35  -3.27  -0.17  31.97
A-T    -0.03   0.05   3.36  -1.85   2.77  30.07
