1 0.000000
2 0.000000
3 0.000000
4 3.000000
5 20.000000
6 23.000000
7 48.000000
8 70.000000
9 35.000000
10 95.000000
11 78.000000
12 43.000000
13 147.000000
14 93.000000
15 139.000000
16 144.000000
17 216.000000
18 204.000000
19 325.000000
20 341.000000
21 422.000000
22 460.000000
23 445.000000
24 548.000000
25 595.000000
26 798.000000
27 599.000000
28 859.000000
29 660.000000
30 926.000000
31 1173.000000
32 1287.000000
33 1273.000000
34 1335.000000
35 1414.000000
36 1695.000000
37 1659.000000
38 2130.000000
39 1925.000000
40 2442.000000
41 2528.000000
42 2583.000000
43 2642.000000
44 2621.000000
45 3484.000000
46 3422.000000
47 3853.000000
48 3679.000000
49 4058.000000
50 4276.000000
51 4517.000000
52 4969.000000
53 4862.000000
54 5328.000000
55 6483.000000
56 6587.000000
57 7463.000000
58 7527.000000
59 7807.000000
60 8759.000000
61 8969.000000
62 9272.000000
63 9933.000000
64 10939.000000
65 11548.000000
66 11662.000000
67 12491.000000
68 12267.000000
69 13051.000000
70 13395.000000
71 15101.000000
72 16162.000000
73 17402.000000
74 17375.000000
75 18647.000000
76 18784.000000
77 19908.000000
78 20722.000000
79 21766.000000
80 21173.000000
81 21680.000000
82 22163.000000
83 22136.000000
84 23024.000000
85 22922.000000
86 21159.000000
87 20694.000000
88 17598.000000
89 16008.000000
90 13904.000000
91 13770.000000
92 10276.000000
93 7402.000000
94 4503.000000
95 3497.000000
96 1517.000000
97 459.000000
98 194.000000
99 0.000000
100 0.000000

