1 32.168625
2 36.263126
3 39.158627
4 41.676750
5 44.796127
6 46.018879
7 47.512001
8 47.259502
9 47.314877
10 46.999878
11 46.949879
12 47.177502
13 47.051876
14 47.421627
15 47.588753
16 47.472626
17 47.277626
18 47.235752
19 46.956753
20 46.906376
21 46.310379
22 45.689877
23 45.341003
24 45.292503
25 45.744877
26 45.639626
27 44.969875
28 44.793251
29 45.175251
30 45.437878
31 45.997627
32 45.898251
33 46.065250
34 46.013504
35 46.529629
36 46.440876
37 46.667503
38 46.821003
39 47.883377
40 47.893375
41 47.393253
42 47.585251
43 48.287502
44 48.393253
45 47.893375
46 47.768753
47 47.586628
48 47.466751
49 48.220879
50 48.031128
51 49.000126
52 47.832378
53 47.565128
54 47.370129
55 47.555626
56 47.802128
57 48.180504
58 48.101002
59 47.988750
60 47.228001
61 46.089378
62 45.925003
63 44.602627
64 44.548626
65 44.569000
66 44.715752
67 44.754253
68 44.431126
69 44.435879
70 44.671501
71 45.044250
72 45.130878
73 45.106251
74 45.197376
75 45.187626
76 45.279129
77 45.301128
78 45.189003
79 45.124626
80 45.249626
81 45.158127
82 45.231503
83 45.380878
84 45.328629
85 45.245750
86 45.210003
87 45.274002
88 45.295376
89 45.355125
90 45.421253
91 45.467503
92 45.500126
93 45.578751
94 45.620129
95 45.646252
96 45.701378
97 45.748501
98 45.796501
99 45.809376
100 45.903252
101 45.960251
102 45.988503
103 46.042503
104 46.130001
105 46.197002
106 46.247253
107 46.273750
108 46.376125
109 46.434254
110 46.495129
111 46.542252
112 46.555126
113 46.600502
114 46.657627
115 46.715626
116 46.767502
117 46.803001
118 46.846127
119 46.934254
120 46.915001
121 46.968376
122 47.043003
123 47.062504
124 47.095127
125 47.132126
126 47.162754
127 47.220379
128 47.273754
129 47.311626
130 47.344753
131 47.405876
132 47.464252
133 47.467628
134 47.529377
135 47.583378
136 47.604752
137 47.627251
138 47.674751
139 47.740501
140 47.818878
141 47.820126
142 47.858253
143 47.950626
144 47.939377
145 48.008003
146 48.046127
147 48.109379
148 48.138126
149 48.182003
150 48.204502
151 48.258377
152 48.287628
153 48.319504
154 48.352753
155 48.371002
156 48.402000
157 48.462753
158 48.492252
159 48.498627
160 48.572502
161 48.627377
162 48.655628
163 48.646126
164 48.715878
165 48.735252
166 48.755501
167 48.799377
168 48.843876
169 48.870377
170 48.879253
171 48.899128
172 48.926754
173 48.867001
174 48.852501
175 48.840878
176 48.887127
177 48.882877
178 48.830502
179 48.818878
180 48.803501
181 48.738129
182 48.762627
183 48.678379
184 48.591125
185 48.522129
186 48.379002
187 48.281628
188 48.164753
189 47.922001
190 47.711502
191 47.422253
192 47.079128
193 46.536003
194 45.977379
195 45.422878
196 44.579502
197 43.536751
198 42.195004
199 40.502876
200 38.043503

