1 712.486389
2 714.009583
3 714.872314
4 715.540466
5 716.001282
6 716.398071
7 716.625916
8 716.638672
9 716.735962
10 717.066223
11 717.260803
12 717.004761
13 716.945923
14 717.032959
15 716.899841
16 716.989441
17 716.915161
18 716.887024
19 716.646362
20 716.418518
21 716.234192
22 716.011475
23 715.650513
24 715.328003
25 715.164124
26 714.726379
27 714.506226
28 714.091492
29 713.530884
30 713.343994
31 712.709106
32 712.230408
33 711.859192
34 711.208923
35 710.591980
36 709.470703
37 708.986877
38 708.592651
39 708.021729
40 707.240967
41 706.237427
42 705.605103
43 704.936951
44 704.140808
45 703.104004
46 702.131165
47 700.774353
48 699.374084
49 697.697266
50 696.156128
51 694.899170
52 693.921265
53 691.729919
54 690.631653
55 688.399353
56 687.178223
57 685.808594
58 684.052490
59 681.891846
60 680.061401
61 676.472290
62 675.893738
63 675.289612
64 675.197449
65 674.713562
66 673.942993
67 673.418213
68 672.381409
69 671.828491
70 671.211487
71 670.858215
72 669.675476
73 669.718994
74 668.846069
75 668.597717
76 667.635193
77 667.560913
78 666.611206
79 666.109436
80 665.630676
81 664.949768
82 664.261108
83 663.421448
84 662.254089
85 661.916138
86 660.997131
87 660.062683
88 658.836487
89 658.273254
90 657.738220
91 657.144287
92 655.636475
93 654.499817
94 653.739502
95 652.551636
96 651.182068
97 649.758728
98 649.187805
99 648.399353
100 647.930847
101 647.214050
102 645.916138
103 645.145569
104 644.536316
105 643.535339
106 643.061768
107 642.063354
108 640.471008
109 639.224304
110 638.433289
111 636.817932
112 636.193237
113 635.281921
114 633.822693
115 631.905273
116 630.684143
117 627.648010
118 625.960938
119 623.651794
120 617.505249
121 613.811157
122 609.953247
123 605.726685
124 604.024292
125 599.022095
126 597.795837
127 593.049561
128 588.152283
129 586.874878
130 584.954895
131 581.440002
132 574.894043
133 573.140442
134 570.117126
135 566.423035
136 563.061768
137 562.050537
138 557.944336
139 554.168335
140 550.463989
141 542.919678
142 542.282227
143 541.276123
144 540.700134
145 540.479980
146 540.290527
147 540.344299
148 539.799011
149 538.196472
150 537.300476
151 536.819214
152 536.921570
153 536.417236
154 535.091187
155 534.346252
156 533.672974
157 533.703674
158 532.313599
159 532.175354
160 531.425293
161 530.734070
162 530.114563
163 529.638367
164 529.395203
165 528.837097
166 527.685120
167 526.612488
168 526.571533
169 527.144958
170 526.113281
171 524.369934
172 523.258850
173 522.260437
174 521.730530
175 520.194519
176 519.989746
177 518.853088
178 518.763489
179 518.044128
180 516.679688
181 515.886047
182 515.194885
183 515.000305
184 514.403809
185 513.331177
186 512.831970
187 511.452148
188 511.690216
189 510.927338
190 509.969910
191 509.102081
192 508.618225
193 507.223022
194 506.703339
195 505.489899
196 504.706543
197 504.307190
198 504.199677
199 503.119354
200 501.567993
201 500.828156
202 499.809265
203 499.082214
204 498.406403
205 497.354218
206 496.606720
207 496.125427
208 495.029755
209 494.612457
210 493.831665
211 492.451813
212 492.636139
213 490.828796
214 490.393585
215 487.377899
216 485.158386
217 484.554230
218 481.753601
219 481.087982
220 480.849915
221 479.393280
222 478.256622
223 478.036469
224 476.682220
225 475.870697
226 475.496948
227 474.526703
228 472.865265
229 471.810547
230 471.278076
231 469.680634
232 465.264618
233 464.535034
234 463.764465
235 462.940155
236 461.992950
237 460.311035
238 458.862061
239 456.151031
240 454.502380
241 452.922882
242 452.431335
243 448.911346
244 448.209900
245 446.159363
246 443.883514
247 440.947174
248 438.499817
249 435.402222
250 432.506866
251 430.059509
252 426.334717
253 426.045441
254 422.479340
255 422.438385
256 419.438080
257 414.730225
258 413.370880
259 411.811829
260 407.810547
261 404.807678
262 402.864624
263 396.157440
264 394.083832
265 389.365753
266 384.058868
267 381.370880
268 379.906555
269 378.355194
270 372.992004
271 370.751984
272 357.637115
273 355.235840
274 351.114227
275 326.115845
276 322.004486
277 319.715820
278 313.525757
279 312.819183
280 312.266235
281 310.720001
282 306.744324
283 300.925446
284 291.507202
285 287.147522
286 283.566071
287 282.040314
288 280.647675
289 279.255035
290 278.149109
291 275.855347
292 273.285126
293 271.851501
294 270.735352
295 269.240326
296 266.741760
297 264.161285
298 261.560303
299 259.409912
300 257.710083
301 255.487991
302 254.638077
303 253.655029
304 252.723190
305 251.801590
306 250.675186
307 249.927673
308 249.333755
309 248.463348
310 247.971832
311 247.142395
312 246.251511
313 245.770233
314 244.899841
315 244.070389
316 243.240952
317 242.718719
318 241.510391
319 240.629761
320 239.708160
321 238.991348
322 237.987839
323 236.851196
324 235.345917
325 234.403839
326 233.666550
327 232.427521
328 231.536636
329 230.420471
330 228.505600
331 227.430389
332 226.293747
333 224.870392
334 223.088638
335 221.593597
336 220.559357
337 219.422714
338 218.245117
339 217.415680
340 215.490555
341 214.661118
342 213.626877
343 212.735992
344 211.537918
345 210.493439
346 208.855042
347 207.175674
348 205.731842
349 204.769272
350 203.550720
351 202.731522
352 201.727997
353 200.785919
354 199.925751
355 198.871033
356 197.693436
357 197.027832
358 196.044800
359 194.498550
360 192.133118
361 190.207993
362 192.655350
363 191.487991
364 183.162872
365 189.245438
366 190.207993
367 179.732483
368 153.016312
369 134.174713
370 156.303360
371 169.400314
372 123.207680
373 159.242233
374 107.878395
375 134.840317
376 0.000000
377 0.000000
378 0.000000
379 0.000000
380 0.000000
381 0.000000
382 0.000000
383 0.000000
384 0.000000
385 0.000000
386 0.000000
387 0.000000
388 0.000000
389 0.000000
390 0.000000
391 0.000000
392 0.000000
393 0.000000
394 0.000000
395 0.000000
396 0.000000
397 0.000000
398 0.000000
399 0.000000
400 0.000000
401 0.000000
402 0.000000
403 0.000000
404 0.000000
405 0.000000
406 0.000000
407 0.000000
408 0.000000
409 0.000000
410 0.000000
411 0.000000
412 0.000000
413 0.000000
414 0.000000
415 0.000000
416 0.000000
417 0.000000
418 0.000000
419 0.000000
420 0.000000
421 0.000000
422 0.000000
423 0.000000
424 0.000000
425 0.000000
426 0.000000
427 0.000000
428 0.000000
429 0.000000
430 0.000000
431 0.000000
432 0.000000
433 0.000000
434 0.000000
435 0.000000
436 0.000000
437 0.000000
438 0.000000
439 0.000000
440 0.000000
441 0.000000
442 0.000000
443 0.000000
444 0.000000
445 0.000000
446 0.000000
447 0.000000
448 0.000000
449 0.000000
450 0.000000
451 0.000000
452 0.000000
453 0.000000
454 0.000000
455 0.000000
456 0.000000
457 0.000000
458 0.000000
459 0.000000
460 0.000000
461 0.000000
462 0.000000
463 0.000000
464 0.000000
465 0.000000
466 0.000000
467 0.000000
468 0.000000
469 0.000000
470 0.000000
471 0.000000
472 0.000000
473 0.000000
474 0.000000
475 0.000000
476 0.000000
477 0.000000
478 0.000000
479 0.000000
480 0.000000
481 0.000000
482 0.000000
483 0.000000
484 0.000000
485 0.000000
486 0.000000
487 0.000000
488 0.000000
489 0.000000
490 0.000000
491 0.000000
492 0.000000
493 0.000000
494 0.000000
495 0.000000
496 0.000000
497 0.000000
498 0.000000
499 0.000000
500 0.000000
501 0.000000
502 0.000000
503 0.000000
504 0.000000
505 0.000000
506 0.000000
507 0.000000
508 0.000000
509 0.000000
510 0.000000
511 0.000000
512 0.000000
513 0.000000
514 0.000000
515 0.000000
516 0.000000
517 0.000000
518 0.000000
519 0.000000
520 0.000000
521 0.000000
522 0.000000
523 0.000000
524 0.000000
525 0.000000
526 0.000000
527 0.000000
528 0.000000
529 0.000000
530 0.000000
531 0.000000
532 0.000000
533 0.000000
534 0.000000
535 0.000000
536 0.000000
537 0.000000
538 0.000000
539 0.000000
540 0.000000

