1 18.636520
2 20.543795
3 21.528154
4 22.159416
5 22.618322
6 22.973894
7 23.321522
8 23.604021
9 23.823458
10 24.102892
11 24.281862
12 24.477980
13 24.639654
14 24.799129
15 24.945530
16 25.076384
17 25.207611
18 25.324472
19 25.436094
20 25.523607
21 25.624659
22 25.720289
23 25.828585
24 25.895224
25 25.967016
26 26.052225
27 26.119120
28 26.214510
29 26.279846
30 26.348183
31 26.403782
32 26.458591
33 26.512028
34 26.585407
35 26.644175
36 26.698555
37 26.731794
38 26.781567
39 26.845488
40 26.911009
41 26.943111
42 26.997000
43 27.029329
44 27.082100
45 27.118307
46 27.156267
47 27.194653
48 27.234484
49 27.259962
50 27.308796
51 27.343834
52 27.372669
53 27.410822
54 27.455204
55 27.491314
56 27.511414
57 27.538939
58 27.577202
59 27.608259
60 27.643518
61 27.657766
62 27.694613
63 27.735466
64 27.763599
65 27.785259
66 27.799414
67 27.830648
68 27.850742
69 27.890739
70 27.912930
71 27.936970
72 27.955999
73 27.968245
74 28.009720
75 28.001457
76 28.043819
77 28.065079
78 28.074984
79 28.114054
80 28.129829
81 28.140364
82 28.157942
83 28.187365
84 28.214827
85 28.217443
86 28.243170
87 28.254292
88 28.255648
89 28.277870
90 28.311546
91 28.332687
92 28.330589
93 28.356182
94 28.369112
95 28.373056
96 28.386106
97 28.420670
98 28.421772
99 28.436071
100 28.450659
101 28.453926
102 28.468039
103 28.487429
104 28.493116
105 28.487337
106 28.519857
107 28.515308
108 28.532122
109 28.545053
110 28.550817
111 28.557926
112 28.573090
113 28.594170
114 28.603020
115 28.610308
116 28.618687
117 28.626461
118 28.641932
119 28.633596
120 28.659044
121 28.657730
122 28.663197
123 28.662088
124 28.672615
125 28.700699
126 28.692879
127 28.708897
128 28.698990
129 28.721350
130 28.723635
131 28.728525
132 28.729494
133 28.741396
134 28.727497
135 28.742174
136 28.736757
137 28.760971
138 28.769672
139 28.758001
140 28.766544
141 28.773739
142 28.780598
143 28.787680
144 28.775764
145 28.771290
146 28.780281
147 28.777021
148 28.801052
149 28.794615
150 28.788462
151 28.793270
152 28.796549
153 28.789585
154 28.804506
155 28.809515
156 28.806385
157 28.804644
158 28.808167
159 28.804415
160 28.792662
161 28.793142
162 28.795456
163 28.799337
164 28.794489
165 28.796665
166 28.803368
167 28.801310
168 28.789490
169 28.785492
170 28.786392
171 28.793377
172 28.799023
173 28.783699
174 28.789248
175 28.785772
176 28.783592
177 28.772223
178 28.764700
179 28.754618
180 28.765118
181 28.769257
182 28.746271
183 28.756769
184 28.764606
185 28.752779
186 28.749590
187 28.741795
188 28.735273
189 28.722834
190 28.716400
191 28.715990
192 28.716400
193 28.713745
194 28.687551
195 28.694323
196 28.689978
197 28.678684
198 28.660034
199 28.658367
200 28.652674
201 28.641148
202 28.642414
203 28.620852
204 28.621315
205 28.618307
206 28.596836
207 28.585094
208 28.582819
209 28.572187
210 28.553078
211 28.547165
212 28.530598
213 28.530069
214 28.509914
215 28.505007
216 28.500776
217 28.478941
218 28.459387
219 28.447809
220 28.430429
221 28.424509
222 28.420938
223 28.415325
224 28.372362
225 28.390005
226 28.359352
227 28.352884
228 28.335264
229 28.315207
230 28.298658
231 28.293980
232 28.263227
233 28.261265
234 28.239294
235 28.223545
236 28.198856
237 28.189922
238 28.189032
239 28.149679
240 28.137547
241 28.110249
242 28.102465
243 28.097340
244 28.069832
245 28.053226
246 28.004911
247 27.995310
248 27.987022
249 27.962179
250 27.947784
251 27.908953
252 27.895100
253 27.857824
254 27.835474
255 27.810259
256 27.775711
257 27.759069
258 27.734339
259 27.703379
260 27.679821
261 27.656590
262 27.618629
263 27.595592
264 27.565430
265 27.538757
266 27.517790
267 27.482937
268 27.444185
269 27.405457
270 27.389975
271 27.353600
272 27.307343
273 27.269594
274 27.244001
275 27.212059
276 27.176546
277 27.131514
278 27.096727
279 27.048359
280 27.018661
281 26.977375
282 26.928408
283 26.897778
284 26.850344
285 26.800089
286 26.759407
287 26.699066
288 26.657202
289 26.617142
290 26.556353
291 26.522749
292 26.475231
293 26.406597
294 26.351479
295 26.307322
296 26.243849
297 26.199532
298 26.138472
299 26.056829
300 25.973484
301 25.918104
302 25.887804
303 25.802536
304 25.725256
305 25.664932
306 25.595392
307 25.509300
308 25.441423
309 25.393549
310 25.303547
311 25.212236
312 25.115301
313 25.034903
314 24.959122
315 24.864475
316 24.762966
317 24.673580
318 24.603012
319 24.488745
320 24.403530
321 24.274708
322 24.200819
323 24.072260
324 23.945807
325 23.863071
326 23.736088
327 23.627649
328 23.494303
329 23.348219
330 23.244661
331 23.091814
332 22.979349
333 22.806116
334 22.653965
335 22.507629
336 22.341686
337 22.175024
338 22.002094
339 21.851494
340 21.641256
341 21.472767
342 21.278458
343 21.076220
344 20.871826
345 20.647860
346 20.438452
347 20.211180
348 19.948950
349 19.703716
350 19.426979
351 19.165321
352 18.892660
353 18.581820
354 18.256409
355 17.952187
356 17.630747
357 17.274998
358 16.915380
359 16.524017
360 16.135847
361 15.663377
362 15.276793
363 14.794017
364 14.292472
365 13.777183
366 13.210469
367 12.622817
368 11.943362
369 11.322454
370 10.603807
371 9.794027
372 9.012740
373 8.123443
374 7.227677
375 6.229267
376 5.209902
377 4.052445
378 2.796320
379 1.522902
380 0.000782

