1 642.219482
2 645.045715
3 646.543335
4 646.876160
5 647.452148
6 647.654358
7 648.220154
8 648.506836
9 648.903687
10 649.070068
11 648.965088
12 649.062378
13 649.139160
14 649.254395
15 649.177612
16 649.134033
17 648.688599
18 648.847351
19 648.916443
20 649.100769
21 648.890869
22 648.657898
23 648.742371
24 648.366089
25 648.140808
26 648.002563
27 647.848938
28 647.467529
29 647.326721
30 647.073242
31 646.497253
32 646.571533
33 646.228455
34 645.631958
35 645.176331
36 644.981750
37 644.421082
38 644.098572
39 643.568604
40 643.125732
41 642.997742
42 641.981445
43 641.305603
44 640.709106
45 640.127991
46 639.431641
47 639.042542
48 638.151672
49 637.565430
50 636.776917
51 635.857910
52 635.189758
53 634.777588
54 633.676758
55 632.363525
56 632.010254
57 630.799316
58 629.534729
59 628.776917
60 627.857910
61 625.274841
62 624.657898
63 624.686035
64 624.235535
65 623.933411
66 623.997437
67 623.580139
68 623.267822
69 623.009277
70 622.487000
71 622.208008
72 622.015991
73 621.862366
74 621.537292
75 621.391357
76 620.697571
77 620.326355
78 620.175354
79 620.126709
80 619.883484
81 619.432922
82 618.959351
83 618.316772
84 618.140137
85 617.674194
86 617.541077
87 617.146851
88 616.785889
89 615.951355
90 615.521240
91 615.531494
92 615.101440
93 614.527954
94 613.588440
95 612.551636
96 612.469727
97 611.914246
98 611.519958
99 610.949097
100 610.787842
101 609.971191
102 609.786865
103 609.466858
104 608.714233
105 608.253418
106 607.918091
107 607.802856
108 607.045105
109 606.261719
110 605.644775
111 605.567993
112 604.403198
113 604.254700
114 602.856934
115 602.429443
116 601.953247
117 600.975342
118 600.440308
119 600.419800
120 599.160278
121 597.396484
122 596.564453
123 595.617249
124 594.695679
125 593.441284
126 592.035828
127 591.595520
128 590.384644
129 589.672974
130 588.679688
131 587.596802
132 585.717773
133 584.711670
134 583.541748
135 582.648315
136 581.396484
137 580.185608
138 577.684448
139 576.875488
140 575.344604
141 572.730896
142 572.147156
143 571.281921
144 570.803162
145 569.963501
146 569.576965
147 569.451477
148 569.044495
149 568.499207
150 568.535034
151 567.887329
152 567.521240
153 567.016968
154 566.461426
155 566.287354
156 565.831665
157 565.562866
158 564.180481
159 563.432922
160 563.002869
161 562.606079
162 562.470398
163 561.855957
164 561.461731
165 560.755188
166 560.773132
167 560.499207
168 560.376282
169 558.804443
170 558.796814
171 558.315491
172 558.097900
173 557.360596
174 557.693420
175 557.140442
176 556.666870
177 556.544006
178 556.574707
179 555.909119
180 555.504639
181 554.918396
182 554.278381
183 553.704956
184 552.194519
185 552.076782
186 551.692810
187 551.047668
188 550.760925
189 549.347839
190 547.799011
191 546.923523
192 547.210205
193 546.580444
194 546.096619
195 545.656311
196 545.162231
197 545.108459
198 544.537598
199 544.325134
200 544.202209
201 543.121887
202 542.922241
203 542.082520
204 541.270996
205 540.797424
206 540.157410
207 539.750366
208 539.202576
209 538.462708
210 537.523193
211 536.529907
212 535.951355
213 535.677429
214 535.057922
215 533.913574
216 533.657593
217 533.094360
218 532.108765
219 531.143677
220 530.746887
221 529.546204
222 528.744934
223 528.350708
224 528.330200
225 527.139832
226 526.832642
227 525.972473
228 523.896301
229 523.071960
230 522.030090
231 521.968628
232 521.395203
233 520.401917
234 519.695374
235 518.924805
236 518.702087
237 518.067200
238 517.286377
239 517.045776
240 516.413452
241 515.425293
242 514.485718
243 513.584656
244 512.970215
245 512.650208
246 511.216614
247 510.420471
248 509.194214
249 508.321259
250 506.355194
251 503.843842
252 501.483521
253 499.737579
254 498.263031
255 496.545258
256 494.891510
257 492.034546
258 489.443817
259 488.030701
260 486.039032
261 481.159668
262 477.222382
263 476.357117
264 475.417603
265 473.643494
266 471.774719
267 470.123505
268 468.999664
269 467.537903
270 465.553894
271 461.168640
272 458.536957
273 455.201263
274 454.638062
275 453.096954
276 451.092468
277 451.010559
278 448.739838
279 443.891174
280 439.050232
281 434.081268
282 432.040955
283 426.703339
284 424.693756
285 420.106232
286 417.543671
287 415.639038
288 412.554230
289 410.017273
290 407.370239
291 401.615356
292 398.161896
293 397.076477
294 394.209259
295 392.663025
296 390.287354
297 389.724152
298 389.007355
299 384.727020
300 384.798706
301 381.606384
302 381.621765
303 380.469757
304 378.621429
305 377.466858
306 376.168945
307 375.331818
308 373.923828
309 371.102722
310 369.487366
311 368.791016
312 367.695343
313 365.058563
314 363.007996
315 362.565125
316 361.379822
317 361.267181
318 359.421417
319 356.797424
320 354.032623
321 350.638062
322 347.706879
323 341.706238
324 339.384308
325 338.736633
326 338.649597
327 337.151978
328 334.809601
329 332.423676
330 329.740784
331 327.603180
332 323.225586
333 322.613739
334 321.029114
335 319.784943
336 315.955200
337 313.768951
338 312.166382
339 306.751984
340 305.855988
341 302.712311
342 299.834869
343 297.507843
344 294.694397
345 291.816956
346 284.943359
347 272.849915
348 268.805115
349 267.706879
350 266.280945
351 262.794220
352 259.916779
353 249.177597
354 243.263992
355 237.032959
356 233.791992
357 216.199677
358 211.430389
359 198.123520
360 178.631668
361 179.153915
362 186.716156
363 179.425278
364 171.112961
365 170.903030
366 175.103989
367 154.910721
368 152.412155
369 143.441910
370 149.749756
371 138.321915
372 132.546555
373 132.055038
374 132.177917
375 125.916161
376 120.007675
377 114.554878
378 115.491837
379 113.244156
380 110.218239
381 111.861755
382 107.356155
383 107.089920
384 106.004478
385 95.887360
386 95.764481
387 93.675514
388 88.719360
389 88.596481
390 92.078079
391 85.934074
392 78.929916
393 73.482239
394 69.959679
395 58.572800
396 56.565758
397 70.123520
398 34.570240
399 16.752640
400 14.704639
401 13.844480
402 12.533760
403 9.994240
404 8.970240
405 8.642560
406 7.290880
407 5.283840
408 4.628480
409 4.587520
410 3.276800
411 0.942080
412 0.000000
413 0.000000
414 0.000000
415 0.000000
416 0.000000
417 0.000000
418 0.000000
419 0.000000
420 0.000000
421 0.000000
422 0.000000
423 0.000000
424 0.000000
425 0.000000
426 0.000000
427 0.000000
428 0.000000
429 0.000000
430 0.000000
431 0.000000
432 0.000000
433 0.000000
434 0.000000
435 0.000000
436 0.000000
437 0.000000
438 0.000000
439 0.000000
440 0.000000
441 0.000000
442 0.000000
443 0.000000
444 0.000000
445 0.000000
446 0.000000
447 0.000000
448 0.000000
449 0.000000
450 0.000000
451 0.000000
452 0.000000
453 0.000000
454 0.000000
455 0.000000
456 0.000000
457 0.000000
458 0.000000
459 0.000000
460 0.000000
461 0.000000
462 0.000000
463 0.000000
464 0.000000
465 0.000000
466 0.000000
467 0.000000
468 0.000000
469 0.000000
470 0.000000
471 0.000000
472 0.000000
473 0.000000
474 0.000000
475 0.000000
476 0.000000
477 0.000000
478 0.000000
479 0.000000
480 0.000000
481 0.000000
482 0.000000
483 0.000000
484 0.000000
485 0.000000
486 0.000000
487 0.000000
488 0.000000
489 0.000000
490 0.000000
491 0.000000
492 0.000000
493 0.000000
494 0.000000
495 0.000000
496 0.000000
497 0.000000
498 0.000000
499 0.000000
500 0.000000
501 0.000000
502 0.000000
503 0.000000
504 0.000000
505 0.000000
506 0.000000
507 0.000000
508 0.000000
509 0.000000
510 0.000000
511 0.000000
512 0.000000
513 0.000000
514 0.000000
515 0.000000
516 0.000000
517 0.000000
518 0.000000
519 0.000000
520 0.000000
521 0.000000
522 0.000000
523 0.000000
524 0.000000
525 0.000000
526 0.000000
527 0.000000
528 0.000000
529 0.000000
530 0.000000
531 0.000000
532 0.000000
533 0.000000
534 0.000000
535 0.000000
536 0.000000
537 0.000000
538 0.000000
539 0.000000
540 0.000000

