1 632.752197
2 634.856262
3 635.847473
4 636.494690
5 636.984680
6 637.391235
7 637.594971
8 637.912781
9 638.263733
10 638.421875
11 638.511536
12 638.672485
13 638.793091
14 638.892151
15 638.994019
16 639.057190
17 639.146545
18 639.209351
19 639.234680
20 639.255005
21 639.316223
22 639.364380
23 639.328430
24 639.329651
25 639.366211
26 639.333740
27 639.256531
28 639.301880
29 639.242493
30 639.140625
31 639.149048
32 639.102783
33 639.012512
34 638.982483
35 638.927795
36 638.816223
37 638.755920
38 638.681519
39 638.600952
40 638.484375
41 638.450623
42 638.264038
43 638.200928
44 638.041565
45 637.919373
46 637.768433
47 637.738403
48 637.537170
49 637.430603
50 637.214355
51 637.080322
52 636.920898
53 636.770935
54 636.616577
55 636.460938
56 636.258728
57 636.109680
58 635.919678
59 635.658447
60 635.375916
61 635.217468
62 634.934021
63 634.774963
64 634.639648
65 634.450317
66 634.146240
67 633.856873
68 633.644348
69 633.450317
70 633.166565
71 632.867798
72 632.601257
73 632.256226
74 632.105591
75 631.915283
76 631.530640
77 631.214966
78 630.884033
79 630.611572
80 630.264343
81 629.918762
82 629.620911
83 629.179077
84 628.907166
85 628.566223
86 628.236877
87 627.713440
88 627.308411
89 627.058411
90 626.657166
91 626.273132
92 625.767151
93 625.285278
94 624.763428
95 624.323425
96 623.843750
97 623.474670
98 622.905640
99 622.345276
100 621.956543
101 621.500305
102 620.958130
103 620.477478
104 620.081543
105 619.502197
106 618.895630
107 618.357178
108 617.772461
109 617.283447
110 616.670898
111 616.122192
112 615.311890
113 614.783752
114 614.100281
115 613.338135
116 612.655945
117 611.972778
118 611.341553
119 610.708435
120 609.939331
121 609.356567
122 608.516235
123 607.638428
124 607.090271
125 606.364380
126 605.562805
127 604.802185
128 603.932190
129 603.157166
130 602.288452
131 601.505615
132 600.639648
133 599.635925
134 598.529663
135 597.815308
136 596.700928
137 595.734680
138 594.705017
139 593.115601
140 591.417786
141 590.049377
142 588.548401
143 587.167786
144 585.364380
145 583.819702
146 582.456543
147 580.633423
148 578.864685
149 577.023743
150 575.008118
151 572.684021
152 570.571838
153 568.597168
154 566.626221
155 563.970642
156 561.446533
157 558.659668
158 556.044678
159 553.619385
160 550.700623
161 547.640625
162 546.978088
163 546.325928
164 545.440308
165 544.769958
166 544.034973
167 543.387146
168 542.554688
169 541.993103
170 541.183411
171 540.515930
172 539.638428
173 538.754028
174 537.933105
175 537.207825
176 536.229675
177 535.304688
178 534.288086
179 533.248413
180 532.275940
181 531.370300
182 530.146545
183 528.998413
184 528.189026
185 527.190002
186 526.196228
187 525.219055
188 524.226257
189 523.259338
190 522.202148
191 521.048096
192 519.915955
193 518.804688
194 517.648132
195 516.253113
196 514.973450
197 513.577148
198 512.438416
199 511.203735
200 510.063751
201 508.905609
202 507.718414
203 506.351227
204 505.107178
205 503.901550
206 502.552185
207 501.295929
208 499.900940
209 498.701874
210 497.212494
211 495.703125
212 494.238129
213 492.809357
214 491.393127
215 489.602173
216 487.724060
217 486.114044
218 484.763733
219 483.425934
220 481.929688
221 480.325623
222 478.850922
223 477.017181
224 475.115295
225 473.033417
226 471.542480
227 469.804352
228 467.751251
229 465.567169
230 463.441254
231 461.177490
232 458.289062
233 455.211243
234 452.157166
235 449.451233
236 446.804993
237 443.492798
238 440.254364
239 436.796875
240 433.729065
241 430.535004
242 426.493439
243 423.959991
244 421.033112
245 418.406860
246 415.568115
247 412.659363
248 409.697815
249 406.369049
250 402.489990
251 398.436554
252 393.754669
253 390.761230
254 387.887482
255 384.655609
256 381.337799
257 378.388123
258 374.817169
259 370.800934
260 366.549042
261 362.182495
262 356.811554
263 351.730621
264 347.607819
265 343.194061
266 339.093109
267 335.057495
268 330.750916
269 325.541565
270 320.799683
271 316.116241
272 310.945618
273 304.785614
274 300.532501
275 295.855316
276 290.047485
277 281.621246
278 273.562195
279 262.079376
280 254.095627
281 242.602814
282 231.691559
283 220.530624
284 211.097488
285 199.946869
286 185.761551
287 172.615936
288 158.517502
289 145.780624
290 135.244995
291 116.894684
292 100.719688
293 76.917183
294 26.870937
295 0.000000

