1 3.17113
2 3.09421
3 3.02014
4 2.94871
5 2.87974
6 2.81307
7 2.74856
8 2.68606
9 2.62545
10 2.56663
11 2.50949
12 2.45393
13 2.39988
14 2.34724
15 2.29596
16 2.24596
17 2.19718
18 2.14956
19 2.10305
20 2.0576
21 2.01315
22 1.96967
23 1.92712
24 1.88545
25 1.84464
26 1.80464
27 1.76542
28 1.72696
29 1.68922
30 1.65219
31 1.61582
32 1.58011
33 1.54502
34 1.51054
35 1.47664
36 1.44331
37 1.41052
38 1.37826
39 1.34652
40 1.31527
41 1.2845
42 1.25419
43 1.22434
44 1.19493
45 1.16595
46 1.13738
47 1.10921
48 1.08143
49 1.05403
50 1.027
51 1.00034
52 0.974021
53 0.948047
54 0.922406
55 0.897089
56 0.872089
57 0.847398
58 0.823008
59 0.798911
60 0.775102
61 0.751573
62 0.728317
63 0.705328
64 0.682601
65 0.660129
66 0.637907
67 0.615929
68 0.59419
69 0.572684
70 0.551408
71 0.530355
72 0.509522
73 0.488903
74 0.468495
75 0.448293
76 0.428293
77 0.408491
78 0.388883
79 0.369466
80 0.350235
81 0.331187
82 0.312319
83 0.293628
84 0.275109
85 0.256761
86 0.238579
87 0.220561
88 0.202704
89 0.185005
90 0.167461
91 0.150069
92 0.132828
93 0.115734
94 0.098785
95 0.081978
96 0.065311
97 0.048783
98 0.032389
99 0.016129
100 0

