1 0
2 0.07692
3 0.15099
4 0.22242
5 0.29139
6 0.35806
7 0.42257
8 0.48507
9 0.54568
10 0.6045
11 0.66164
12 0.7172
13 0.77125
14 0.82389
15 0.87517
16 0.92517
17 0.97395
18 1.02157
19 1.06808
20 1.11353
21 1.15798
22 1.20146
23 1.24401
24 1.28568
25 1.32649
26 1.36649
27 1.40571
28 1.44417
29 1.48191
30 1.51894
31 1.55531
32 1.59102
33 1.62611
34 1.66059
35 1.69449
36 1.72782
37 1.76061
38 1.79287
39 1.82461
40 1.85586
41 1.88663
42 1.91694
43 1.94679
44 1.9762
45 2.00518
46 2.03375
47 2.06192
48 2.0897
49 2.1171
50 2.14413
51 2.17079
52 2.19711
53 2.22308
54 2.24872
55 2.27404
56 2.29904
57 2.32373
58 2.34812
59 2.37222
60 2.39603
61 2.41956
62 2.44281
63 2.4658
64 2.48853
65 2.511
66 2.53322
67 2.5552
68 2.57694
69 2.59845
70 2.61972
71 2.64077
72 2.66161
73 2.68223
74 2.70263
75 2.72284
76 2.74284
77 2.76264
78 2.78225
79 2.80166
80 2.82089
81 2.83994
82 2.85881
83 2.8775
84 2.89602
85 2.91437
86 2.93255
87 2.95057
88 2.96843
89 2.98612
90 3.00367
91 3.02106
92 3.0383
93 3.0554
94 3.07234
95 3.08915
96 3.10582
97 3.12235
98 3.13874
99 3.155
100 3.17113
 3.17113
