1 18.634780
2 20.540509
3 21.525099
4 22.157149
5 22.616259
6 22.971229
7 23.318679
8 23.601039
9 23.820249
10 24.100279
11 24.279169
12 24.474829
13 24.636799
14 24.796849
15 24.942899
16 25.073509
17 25.204739
18 25.321739
19 25.433579
20 25.520809
21 25.622369
22 25.717879
23 25.825439
24 25.892699
25 25.964759
26 26.050039
27 26.116849
28 26.212169
29 26.277269
30 26.345739
31 26.401809
32 26.456389
33 26.509519
34 26.582839
35 26.641669
36 26.696129
37 26.729139
38 26.779339
39 26.843119
40 26.908729
41 26.940639
42 26.995009
43 27.026819
44 27.079999
45 27.115999
46 27.153719
47 27.192679
48 27.232239
49 27.257769
50 27.306549
51 27.341799
52 27.370159
53 27.408419
54 27.452859
55 27.489049
56 27.509259
57 27.536359
58 27.575149
59 27.606149
60 27.641229
61 27.655539
62 27.692129
63 27.733349
64 27.761479
65 27.782929
66 27.796749
67 27.828159
68 27.848599
69 27.888289
70 27.910999
71 27.934649
72 27.953599
73 27.966049
74 28.007799
75 27.999119
76 28.041439
77 28.062839
78 28.072349
79 28.111739
80 28.127519
81 28.137839
82 28.155509
83 28.184949
84 28.212289
85 28.214859
86 28.240859
87 28.251949
88 28.253339
89 28.275409
90 28.309229
91 28.330639
92 28.328299
93 28.353629
94 28.366919
95 28.370349
96 28.383779
97 28.418349
98 28.418979
99 28.433689
100 28.448299
101 28.451539
102 28.465659
103 28.485369
104 28.490549
105 28.485159
106 28.517359
107 28.512939
108 28.529599
109 28.542749
110 28.548419
111 28.555629
112 28.570469
113 28.591719
114 28.600689
115 28.607989
116 28.616369
117 28.623909
118 28.639729
119 28.631469
120 28.656849
121 28.655069
122 28.660679
123 28.659819
124 28.670269
125 28.698629
126 28.690539
127 28.706749
128 28.696799
129 28.719139
130 28.721349
131 28.726189
132 28.727199
133 28.739139
134 28.725179
135 28.739779
136 28.734379
137 28.758459
138 28.767139
139 28.755579
140 28.764079
141 28.771449
142 28.778299
143 28.785319
144 28.773609
145 28.768999
146 28.777909
147 28.774579
148 28.798889
149 28.792269
150 28.786229
151 28.791089
152 28.794199
153 28.787129
154 28.802009
155 28.807009
156 28.804139
157 28.802419
158 28.805579
159 28.802209
160 28.790229
161 28.790689
162 28.793079
163 28.796839
164 28.792149
165 28.794449
166 28.801049
167 28.798879
168 28.787349
169 28.783179
170 28.784059
171 28.791079
172 28.796889
173 28.781299
174 28.786789
175 28.783639
176 28.781239
177 28.769839
178 28.762229
179 28.752349
180 28.763019
181 28.767009
182 28.743899
183 28.754619
184 28.762339
185 28.750219
186 28.747169
187 28.739509
188 28.732749
189 28.720459
190 28.714229
191 28.713439
192 28.713979
193 28.711189
194 28.684879
195 28.692009
196 28.687689
197 28.676219
198 28.657829
199 28.656189
200 28.650169
201 28.638809
202 28.639929
203 28.618389
204 28.618799
205 28.616169
206 28.594589
207 28.582739
208 28.580299
209 28.569609
210 28.550629
211 28.544779
212 28.527909
213 28.527799
214 28.507559
215 28.502569
216 28.498279
217 28.476499
218 28.456829
219 28.445439
220 28.427879
221 28.422089
222 28.418599
223 28.413279
224 28.369559
225 28.387729
226 28.356739
227 28.350449
228 28.332559
229 28.313009
230 28.296089
231 28.291559
232 28.260719
233 28.259059
234 28.236789
235 28.221119
236 28.196489
237 28.187619
238 28.186759
239 28.147009
240 28.134949
241 28.107699
242 28.100029
243 28.095339
244 28.067269
245 28.050779
246 28.002679
247 27.993189
248 27.984619
249 27.959669
250 27.945409
251 27.906769
252 27.892579
253 27.855529
254 27.833219
255 27.807869
256 27.773259
257 27.756559
258 27.732039
259 27.701049
260 27.677269
261 27.654189
262 27.616229
263 27.593319
264 27.563319
265 27.536639
266 27.515529
267 27.480819
268 27.441409
269 27.402919
270 27.387709
271 27.351429
272 27.304849
273 27.267379
274 27.242009
275 27.209529
276 27.174209
277 27.129149
278 27.094219
279 27.045909
280 27.016179
281 26.974759
282 26.925729
283 26.895669
284 26.847879
285 26.797599
286 26.756979
287 26.696609
288 26.654639
289 26.614659
290 26.553669
291 26.520379
292 26.473259
293 26.404439
294 26.348729
295 26.304779
296 26.241219
297 26.197249
298 26.135849
299 26.054279
300 25.970929
301 25.915439
302 25.885469
303 25.800119
304 25.722469
305 25.662019
306 25.592799
307 25.506509
308 25.439009
309 25.390839
310 25.300419
311 25.209899
312 25.112939
313 25.032389
314 24.956389
315 24.861569
316 24.760289
317 24.670839
318 24.600059
319 24.486249
320 24.400849
321 24.272079
322 24.197459
323 24.069019
324 23.942489
325 23.859749
326 23.732759
327 23.624389
328 23.490939
329 23.344599
330 23.241209
331 23.088229
332 22.976129
333 22.802519
334 22.650319
335 22.504309
336 22.338129
337 22.171669
338 21.998999
339 21.848499
340 21.638369
341 21.469429
342 21.275909
343 21.073499
344 20.869209
345 20.645129
346 20.435769
347 20.208749
348 19.946939
349 19.701350
350 19.424260
351 19.162980
352 18.890010
353 18.579800
354 18.253680
355 17.949600
356 17.628750
357 17.273110
358 16.913460
359 16.521990
360 16.134280
361 15.661600
362 15.274930
363 14.791650
364 14.290250
365 13.774440
366 13.208390
367 12.621250
368 11.941300
369 11.319930
370 10.601770
371 9.792700
372 9.011080
373 8.122390
374 7.226210
375 6.228180
376 5.209010
377 4.051980
378 2.795950
379 1.522240
380 0.000000
