1 8.862000
2 9.635000
3 10.968000
4 12.217001
5 12.578001
6 13.289001
7 14.320001
8 14.352000
9 15.768001
10 16.989000
11 16.181002
12 15.859001
13 16.631001
14 16.599001
15 17.327002
16 16.731001
17 16.735001
18 14.154000
19 13.633000
20 14.639001
21 16.023001
22 14.967001
23 15.921000
24 15.699000
25 16.201000
26 16.956001
27 17.475000
28 16.526001
29 16.339001
30 15.658001
31 15.287001
32 14.683001
33 14.588000
34 14.567000
35 14.269001
36 14.198001
37 13.869000
38 13.969001
39 14.077001
40 14.185000
41 14.186001
42 14.273001
43 14.403001
44 14.399001
45 14.495001
46 14.515000
47 14.574000
48 14.638000
49 14.704000
50 14.689001
51 14.827001
52 14.860001
53 14.897000
54 15.038001
55 15.077001
56 15.092001
57 15.162001
58 15.242001
59 15.297001
60 15.391001
61 15.395000
62 15.456000
63 15.458001
64 15.618001
65 15.629001
66 15.655001
67 15.739000
68 15.664001
69 15.802001
70 15.854001
71 15.931001
72 15.930000
73 16.085001
74 16.049002
75 16.181002
76 16.241001
77 16.278000
78 16.259001
79 16.322001
80 16.462000
81 16.455000
82 16.457001
83 16.512001
84 16.484001
85 16.584002
86 16.634001
87 16.670000
88 16.826000
89 16.834002
90 16.884001
91 16.886002
92 16.834002
93 16.972000
94 17.055000
95 17.091002
96 17.182001
97 17.252001
98 17.243000
99 17.280001
100 17.388000
101 17.409000
102 17.473001
103 17.501001
104 17.637001
105 17.645000
106 17.703001
107 17.667002
108 17.723001
109 17.732000
110 17.854000
111 17.965000
112 17.987001
113 18.039001
114 18.015001
115 18.059000
116 18.153002
117 18.196001
118 18.182001
119 18.295000
120 18.311001
121 18.330000
122 18.440001
123 18.447001
124 18.458000
125 18.421001
126 18.512001
127 18.558001
128 18.596001
129 18.653002
130 18.714001
131 18.752001
132 18.808001
133 18.849001
134 18.958000
135 19.035002
136 18.933001
137 18.968000
138 19.044001
139 18.947001
140 18.994001
141 19.098001
142 19.147001
143 19.161001
144 19.183001
145 19.207001
146 19.291000
147 19.364000
148 19.379002
149 19.429001
150 19.454000
151 19.546001
152 19.590000
153 19.609001
154 19.729000
155 19.811001
156 19.792002
157 19.790001
158 19.885000
159 19.918001
160 19.906000
161 20.005001
162 20.080002
163 20.195002
164 20.236000
165 20.271002
166 20.242001
167 20.389002
168 20.429001
169 20.298000
170 20.389002
171 20.432001
172 20.414001
173 20.497002
174 20.423000
175 20.456001
176 20.444000
177 20.444000
178 20.514002
179 20.484001
180 20.425001
181 20.437000
182 20.329000
183 20.373001
184 20.333000
185 20.340000
186 20.378000
187 20.308001
188 20.446001
189 20.465000
190 20.522001
191 20.536001
192 20.508001
193 20.382002
194 20.290001
195 20.283001
196 20.201000
197 20.029001
198 19.924002
199 19.829000
200 19.844002

