1 32.332500
2 33.474098
3 35.306198
4 36.390198
5 36.774597
6 36.943001
7 36.851299
8 36.634197
9 36.408699
10 36.184399
11 35.958599
12 36.204201
13 35.963898
14 35.936100
15 36.035801
16 35.957199
17 36.221798
18 35.878899
19 35.298000
20 35.014698
21 34.425198
22 34.637398
23 33.919098
24 34.317799
25 34.607498
26 34.081600
27 33.807098
28 33.500900
29 33.429001
30 33.303699
31 33.739700
32 33.763699
33 33.433300
34 33.816399
35 34.430401
36 34.297897
37 34.118298
38 33.970798
39 33.539200
40 33.218800
41 33.153099
42 33.076599
43 33.228001
44 33.161198
45 32.813599
46 32.721600
47 32.647301
48 32.717400
49 32.740601
50 32.809998
51 32.872299
52 32.918697
53 33.617397
54 34.624500
55 34.336899
56 34.309299
57 35.243500
58 35.008499
59 34.196697
60 33.650299
61 33.565598
62 33.360600
63 33.434299
64 33.461201
65 33.541500
66 33.587799
67 33.635098
68 33.709599
69 33.751900
70 33.830799
71 33.887100
72 33.910099
73 33.971298
74 34.024799
75 34.080700
76 34.154099
77 34.219299
78 34.256199
79 34.323799
80 34.386799
81 34.474098
82 34.501900
83 34.520599
84 34.597599
85 34.665798
86 34.717800
87 34.771599
88 34.810799
89 34.863197
90 34.909298
91 34.966801
92 35.019299
93 35.091999
94 35.154301
95 35.194798
96 35.260700
97 35.300400
98 35.339298
99 35.388397
100 35.442699
101 35.487099
102 35.540897
103 35.601200
104 35.649998
105 35.701797
106 35.755398
107 35.803898
108 35.859200
109 35.938599
110 35.985397
111 36.042801
112 36.086800
113 36.152298
114 36.194798
115 36.263500
116 36.302998
117 36.402100
118 36.416901
119 36.476299
120 36.503799
121 36.568600
122 36.617699
123 36.669800
124 36.710400
125 36.727100
126 36.778599
127 36.832699
128 36.850201
129 36.917400
130 36.956299
131 36.989597
132 37.058201
133 37.086300
134 37.135300
135 37.164898
136 37.233101
137 37.245598
138 37.300098
139 37.315498
140 37.367599
141 37.399597
142 37.404999
143 37.446098
144 37.493198
145 37.548298
146 37.594997
147 37.644699
148 37.695198
149 37.733898
150 37.773399
151 37.825397
152 37.889797
153 37.915897
154 37.941097
155 38.000401
156 37.999397
157 38.045700
158 38.092400
159 38.131298
160 38.168400
161 38.208599
162 38.214397
163 38.295799
164 38.339699
165 38.362400
166 38.376198
167 38.427998
168 38.470299
169 38.487598
170 38.528000
171 38.541698
172 38.559299
173 38.600498
174 38.649899
175 38.674698
176 38.678101
177 38.699600
178 38.720699
179 38.751698
180 38.763500
181 38.799297
182 38.795601
183 38.809200
184 38.806099
185 38.817398
186 38.807800
187 38.830498
188 38.826298
189 38.818600
190 38.776600
191 38.751499
192 38.723698
193 38.695599
194 38.650299
195 38.584499
196 38.547199
197 38.474300
198 38.434399
199 38.348698
200 38.170799

