1 -0.000000
2 0.023149
3 0.045774
4 0.067899
5 0.089545
6 0.110732
7 0.131480
8 0.151806
9 0.171727
10 0.191259
11 0.210416
12 0.229214
13 0.247665
14 0.265781
15 0.283575
16 0.301058
17 0.318241
18 0.335133
19 0.351745
20 0.368085
21 0.384162
22 0.399985
23 0.415562
24 0.430900
25 0.446006
26 0.460887
27 0.475550
28 0.490001
29 0.504246
30 0.518292
31 0.532142
32 0.545804
33 0.559281
34 0.572579
35 0.585703
36 0.598656
37 0.611444
38 0.624070
39 0.636539
40 0.648855
41 0.661020
42 0.673040
43 0.684916
44 0.696654
45 0.708255
46 0.719723
47 0.731061
48 0.742272
49 0.753358
50 0.764323
51 0.775169
52 0.785899
53 0.796515
54 0.807019
55 0.817414
56 0.827702
57 0.837886
58 0.847966
59 0.857947
60 0.867828
61 0.877613
62 0.887303
63 0.896900
64 0.906406
65 0.915822
66 0.925150
67 0.934393
68 0.943550
69 0.952625
70 0.961618
71 0.970530
72 0.979364
73 0.988121
74 0.996801
75 1.005407
76 1.013940
77 1.022400
78 1.030789
79 1.039109
80 1.047360

