  300 base-pairs
   0  step parameters
      shift   slide    rise    tilt    roll   twist
A-T    0.00    0.00    0.00    0.00    0.00    0.00
A-T     0.00   0.00   3.40   1.36 -17.68  38.03
A-T     0.00   0.00   3.40   0.33 -10.93  36.67
A-T     0.00   0.00   3.40  -1.10 -14.49  31.85
A-T     0.00   0.00   3.40  -0.48   7.02  38.59
A-T     0.00   0.00   3.40  -0.87  16.62  30.80
A-T     0.00   0.00   3.40   0.17  -6.18  31.00
A-T     0.00   0.00   3.40   0.24  -3.02  42.30
A-T     0.00   0.00   3.40  -0.40   3.32  36.92
A-T     0.00   0.00   3.40  -1.53  -7.89  31.56
A-T     0.00   0.00   3.40  -1.38   0.05  37.65
A-T     0.00   0.00   3.40   1.97  -4.45  34.02
A-T     0.00   0.00   3.40   0.08   4.49  40.19
A-T     0.00   0.00   3.40   0.62   2.77  37.15
A-T     0.00   0.00   3.40   1.02  -1.59  27.87
A-T     0.00   0.00   3.40  -0.81   1.08  36.96
A-T     0.00   0.00   3.40  -1.63   0.64  34.23
A-T     0.00   0.00   3.40  -2.45  -1.17  33.66
A-T     0.00   0.00   3.40  -0.12  -6.90  40.80
A-T     0.00   0.00   3.40   1.06  -7.64  36.97
A-T     0.00   0.00   3.40   0.96   2.39  33.11
A-T     0.00   0.00   3.40   1.65  -0.53  34.95
A-T     0.00   0.00   3.40   1.20   0.77  37.51
A-T     0.00   0.00   3.40   0.13   7.34  23.19
A-T     0.00   0.00   3.40   0.61   8.65  33.73
A-T     0.00   0.00   3.40   1.37   0.96  41.48
A-T     0.00   0.00   3.40  -0.36   4.89  33.33
A-T     0.00   0.00   3.40   1.61  -7.17  38.19
A-T     0.00   0.00   3.40   1.58  -9.44  28.42
A-T     0.00   0.00   3.40   1.74  -2.22  31.68
A-T     0.00   0.00   3.40  -1.22  -0.32  26.69
A-T     0.00   0.00   3.40  -0.34  -3.05  27.95
A-T     0.00   0.00   3.40  -0.39   2.09  31.19
A-T     0.00   0.00   3.40  -2.98 -11.13  42.72
A-T     0.00   0.00   3.40   1.10   4.89  34.43
A-T     0.00   0.00   3.40  -0.30   7.15  42.33
A-T     0.00   0.00   3.40   0.43   6.25  37.70
A-T     0.00   0.00   3.40  -0.49   0.20  39.56
A-T     0.00   0.00   3.40   0.79  -0.67  29.00
A-T     0.00   0.00   3.40   1.70  -5.33  31.90
A-T     0.00   0.00   3.40   0.45 -14.33  35.41
A-T     0.00   0.00   3.40  -1.26   0.45  36.85
A-T     0.00   0.00   3.40   0.86   5.19  29.01
A-T     0.00   0.00   3.40   2.04   6.88  38.94
A-T     0.00   0.00   3.40  -0.65  -5.61  37.00
A-T     0.00   0.00   3.40  -0.74   4.07  34.79
A-T     0.00   0.00   3.40  -0.74  -4.79  34.66
A-T     0.00   0.00   3.40  -2.42  -8.48  32.34
A-T     0.00   0.00   3.40   0.71  -0.08  35.33
A-T     0.00   0.00   3.40   0.74  -4.57  32.27
A-T     0.00   0.00   3.40  -0.13  -8.65  36.26
A-T     0.00   0.00   3.40   0.55   2.21  44.47
A-T     0.00   0.00   3.40   0.26 -10.68  35.86
A-T     0.00   0.00   3.40   0.83   8.24  30.19
A-T     0.00   0.00   3.40  -1.44   1.02  28.87
A-T     0.00   0.00   3.40  -1.80   4.45  41.59
A-T     0.00   0.00   3.40  -0.36   2.90  29.58
A-T     0.00   0.00   3.40   1.59   0.11  31.29
A-T     0.00   0.00   3.40   0.66  -8.31  40.48
A-T     0.00   0.00   3.40   1.09   7.75  36.01
A-T     0.00   0.00   3.40  -2.15  -9.19  30.36
A-T     0.00   0.00   3.40  -0.51  -6.08  40.17
A-T     0.00   0.00   3.40  -1.77  -0.36  34.26
A-T     0.00   0.00   3.40  -1.45   7.63  39.32
A-T     0.00   0.00   3.40  -0.56  10.74  38.69
A-T     0.00   0.00   3.40  -1.25   7.60  37.38
A-T     0.00   0.00   3.40   0.16   9.37  34.67
A-T     0.00   0.00   3.40   0.87 -20.03  32.92
A-T     0.00   0.00   3.40  -0.78  -2.26  27.51
A-T     0.00   0.00   3.40  -0.69  -4.78  37.34
A-T     0.00   0.00   3.40   0.55 -13.32  26.93
A-T     0.00   0.00   3.40  -0.08   2.29  32.37
A-T     0.00   0.00   3.40  -2.12   2.43  40.20
A-T     0.00   0.00   3.40   1.83   4.55  29.57
A-T     0.00   0.00   3.40  -0.88   5.18  25.58
A-T     0.00   0.00   3.40   0.62  16.08  28.80
A-T     0.00   0.00   3.40  -0.30   7.26  44.43
A-T     0.00   0.00   3.40   0.79 -10.67  42.13
A-T     0.00   0.00   3.40  -0.62 -10.05  38.63
A-T     0.00   0.00   3.40   0.81   9.31  37.53
A-T     0.00   0.00   3.40  -1.24   2.73  30.05
A-T     0.00   0.00   3.40  -1.54  -4.46  34.73
A-T     0.00   0.00   3.40  -0.82  -1.37  34.46
A-T     0.00   0.00   3.40   0.30   8.04  40.64
A-T     0.00   0.00   3.40  -0.98  12.83  31.47
A-T     0.00   0.00   3.40   2.56  -4.70  35.99
A-T     0.00   0.00   3.40  -1.28   5.58  42.28
A-T     0.00   0.00   3.40   0.08   9.98  29.94
A-T     0.00   0.00   3.40   3.80  -0.06  25.36
A-T     0.00   0.00   3.40   2.05  -3.29  32.20
A-T     0.00   0.00   3.40  -1.12  -3.66  38.39
A-T     0.00   0.00   3.40   0.47  -6.61  33.05
A-T     0.00   0.00   3.40   0.03   7.14  36.22
A-T     0.00   0.00   3.40   0.62  -5.30  27.38
A-T     0.00   0.00   3.40  -0.78  -3.59  39.14
A-T     0.00   0.00   3.40   1.16  -8.61  33.13
A-T     0.00   0.00   3.40   1.74  10.86  33.94
A-T     0.00   0.00   3.40   0.22   8.38  32.21
A-T     0.00   0.00   3.40   0.80   1.11  36.57
A-T     0.00   0.00   3.40  -1.29 -11.08  30.08
A-T     0.00   0.00   3.40  -0.59   3.93  41.42
A-T     0.00   0.00   3.40  -0.88   6.53  38.94
A-T     0.00   0.00   3.40  -0.73   2.04  34.47
A-T     0.00   0.00   3.40  -0.61  -2.96  35.87
A-T     0.00   0.00   3.40  -0.42  -1.75  34.50
A-T     0.00   0.00   3.40   0.29 -16.05  34.33
A-T     0.00   0.00   3.40   0.83  -5.45  40.02
A-T     0.00   0.00   3.40   0.95   2.41  41.27
A-T     0.00   0.00   3.40  -0.03   5.82  40.71
A-T     0.00   0.00   3.40  -0.96   0.12  40.30
A-T     0.00   0.00   3.40   1.08   3.48  33.35
A-T     0.00   0.00   3.40  -0.17   0.22  30.55
A-T     0.00   0.00   3.40   0.14 -16.36  45.63
A-T     0.00   0.00   3.40   0.78   4.26  33.73
A-T     0.00   0.00   3.40  -0.02  -1.03  35.55
A-T     0.00   0.00   3.40  -0.54  13.37  38.20
A-T     0.00   0.00   3.40   0.55   9.27  47.66
A-T     0.00   0.00   3.40  -0.31   6.01  30.93
A-T     0.00   0.00   3.40   0.70 -13.60  36.87
A-T     0.00   0.00   3.40  -0.44   7.29  31.85
A-T     0.00   0.00   3.40  -1.82 -18.45  33.84
A-T     0.00   0.00   3.40   0.37   3.65  30.78
A-T     0.00   0.00   3.40  -1.64 -10.29  31.11
A-T     0.00   0.00   3.40  -0.48  -4.98  30.53
A-T     0.00   0.00   3.40  -0.04  -1.67  26.08
A-T     0.00   0.00   3.40  -1.14  11.93  26.71
A-T     0.00   0.00   3.40  -1.55  -0.51  30.67
A-T     0.00   0.00   3.40  -0.15  17.97  39.71
A-T     0.00   0.00   3.40   0.19  10.94  39.68
A-T     0.00   0.00   3.40   0.39   4.26  29.15
A-T     0.00   0.00   3.40   0.45   5.88  31.48
A-T     0.00   0.00   3.40  -0.54 -10.31  30.04
A-T     0.00   0.00   3.40   0.22  -9.11  27.48
A-T     0.00   0.00   3.40   2.24  -7.17  36.33
A-T     0.00   0.00   3.40   0.98  -1.56  34.52
A-T     0.00   0.00   3.40  -0.93   8.22  38.23
A-T     0.00   0.00   3.40  -0.09 -11.68  32.75
A-T     0.00   0.00   3.40  -0.16 -16.07  34.62
A-T     0.00   0.00   3.40   1.41 -15.12  34.48
A-T     0.00   0.00   3.40   1.21  -4.38  38.17
A-T     0.00   0.00   3.40  -0.69   0.90  27.52
A-T     0.00   0.00   3.40   0.52  -0.98  32.57
A-T     0.00   0.00   3.40  -0.30  20.74  41.34
A-T     0.00   0.00   3.40  -1.29   0.17  31.08
A-T     0.00   0.00   3.40  -0.98   5.59  33.45
A-T     0.00   0.00   3.40   0.47  -0.38  35.57
A-T     0.00   0.00   3.40  -1.38   0.74  39.43
A-T     0.00   0.00   3.40  -1.11  11.97  26.36
A-T     0.00   0.00   3.40  -0.52  11.66  41.57
A-T     0.00   0.00   3.40   0.43   5.34  33.22
A-T     0.00   0.00   3.40  -0.72  -0.33  38.77
A-T     0.00   0.00   3.40  -1.61  21.10  34.96
A-T     0.00   0.00   3.40  -0.29  -7.68  40.86
A-T     0.00   0.00   3.40  -0.10  -4.22  35.80
A-T     0.00   0.00   3.40   0.51  -7.57  31.10
A-T     0.00   0.00   3.40   0.53  -1.18  29.84
A-T     0.00   0.00   3.40  -2.44   1.11  32.31
A-T     0.00   0.00   3.40  -1.79  15.22  30.18
A-T     0.00   0.00   3.40   1.01   1.56  38.55
A-T     0.00   0.00   3.40   1.52  -1.69  39.64
A-T     0.00   0.00   3.40   0.37   4.81  41.36
A-T     0.00   0.00   3.40  -0.60  -0.45  29.55
A-T     0.00   0.00   3.40   0.34  -9.79  40.35
A-T     0.00   0.00   3.40   1.18  -3.75  38.18
A-T     0.00   0.00   3.40  -2.08   0.25  40.02
A-T     0.00   0.00   3.40  -0.92  -0.85  36.23
A-T     0.00   0.00   3.40   2.16  -2.58  30.87
A-T     0.00   0.00   3.40  -0.73  10.53  36.84
A-T     0.00   0.00   3.40   0.26   7.16  31.87
A-T     0.00   0.00   3.40   0.06   4.71  35.37
A-T     0.00   0.00   3.40   0.81   5.72  33.15
A-T     0.00   0.00   3.40   0.54   1.13  40.89
A-T     0.00   0.00   3.40   0.37  -6.45  41.71
A-T     0.00   0.00   3.40  -0.86  -2.25  35.97
A-T     0.00   0.00   3.40  -0.84   2.17  34.72
A-T     0.00   0.00   3.40   0.49 -10.65  34.40
A-T     0.00   0.00   3.40  -0.31  -7.77  39.11
A-T     0.00   0.00   3.40  -1.00   6.57  39.05
A-T     0.00   0.00   3.40  -1.09   3.78  28.89
A-T     0.00   0.00   3.40  -0.84  -0.93  32.53
A-T     0.00   0.00   3.40   0.22   5.26  42.60
A-T     0.00   0.00   3.40   1.03  -0.86  27.79
A-T     0.00   0.00   3.40   1.67  -7.33  28.16
A-T     0.00   0.00   3.40   0.24  -0.16  39.28
A-T     0.00   0.00   3.40   0.31  -9.02  32.67
A-T     0.00   0.00   3.40  -0.21   8.06  27.17
A-T     0.00   0.00   3.40  -2.05   2.30  32.25
A-T     0.00   0.00   3.40   0.29  -2.69  31.10
A-T     0.00   0.00   3.40  -2.20   4.02  36.10
A-T     0.00   0.00   3.40   0.13   9.82  34.28
A-T     0.00   0.00   3.40   1.57   0.38  38.27
A-T     0.00   0.00   3.40  -1.18   8.49  33.28
A-T     0.00   0.00   3.40  -0.18  -3.54  33.16
A-T     0.00   0.00   3.40   2.48  -5.70  38.68
A-T     0.00   0.00   3.40  -1.91  -2.89  32.47
A-T     0.00   0.00   3.40  -0.23 -15.82  28.38
A-T     0.00   0.00   3.40  -0.08  -3.11  37.28
A-T     0.00   0.00   3.40   1.02  15.32  34.64
A-T     0.00   0.00   3.40  -2.63   2.15  40.68
A-T     0.00   0.00   3.40   1.43  13.31  32.79
A-T     0.00   0.00   3.40   1.24  -6.01  32.68
A-T     0.00   0.00   3.40  -0.32   9.07  40.49
A-T     0.00   0.00   3.40  -1.81   1.87  37.58
A-T     0.00   0.00   3.40  -0.41  14.07  32.43
A-T     0.00   0.00   3.40   0.97  -7.22  29.85
A-T     0.00   0.00   3.40  -0.47  -1.29  30.96
A-T     0.00   0.00   3.40   0.35  -5.77  26.90
A-T     0.00   0.00   3.40  -0.89  -1.30  42.67
A-T     0.00   0.00   3.40   1.86   2.51  38.80
A-T     0.00   0.00   3.40  -0.40   8.97  31.21
A-T     0.00   0.00   3.40   3.56   9.48  31.87
A-T     0.00   0.00   3.40   0.27  -5.22  40.14
A-T     0.00   0.00   3.40   1.25 -10.38  44.33
A-T     0.00   0.00   3.40   0.21   4.65  25.19
A-T     0.00   0.00   3.40  -1.30   2.15  41.70
A-T     0.00   0.00   3.40  -0.06   0.17  32.59
A-T     0.00   0.00   3.40   2.26  -8.04  35.76
A-T     0.00   0.00   3.40   0.22   0.56  37.12
A-T     0.00   0.00   3.40  -0.89   8.22  29.52
A-T     0.00   0.00   3.40  -1.89   6.99  39.51
A-T     0.00   0.00   3.40   0.77  10.96  33.83
A-T     0.00   0.00   3.40  -0.30  -3.76  38.16
A-T     0.00   0.00   3.40   1.40   2.65  32.09
A-T     0.00   0.00   3.40  -0.62  -8.30  29.75
A-T     0.00   0.00   3.40  -0.81   5.95  33.87
A-T     0.00   0.00   3.40  -0.32  -2.23  37.63
A-T     0.00   0.00   3.40  -1.58   3.64  33.78
A-T     0.00   0.00   3.40   0.44   2.99  34.58
A-T     0.00   0.00   3.40   0.07  -8.92  29.10
A-T     0.00   0.00   3.40  -0.54   2.29  36.89
A-T     0.00   0.00   3.40  -0.15   6.50  36.02
A-T     0.00   0.00   3.40   0.74   8.28  32.09
A-T     0.00   0.00   3.40  -0.72   4.16  35.86
A-T     0.00   0.00   3.40  -2.28   9.71  38.27
A-T     0.00   0.00   3.40   0.68   2.44  30.74
A-T     0.00   0.00   3.40  -1.45  -7.71  39.25
A-T     0.00   0.00   3.40  -0.28  -6.06  40.17
A-T     0.00   0.00   3.40  -1.54   2.19  32.05
A-T     0.00   0.00   3.40  -0.57   3.48  35.04
A-T     0.00   0.00   3.40  -0.91 -11.20  41.62
A-T     0.00   0.00   3.40  -0.98  -3.03  28.69
A-T     0.00   0.00   3.40  -0.20   6.00  35.63
A-T     0.00   0.00   3.40  -0.65   6.81  37.11
A-T     0.00   0.00   3.40  -0.18   3.33  30.67
A-T     0.00   0.00   3.40   0.09  16.41  34.70
A-T     0.00   0.00   3.40   0.41   2.82  34.20
A-T     0.00   0.00   3.40   0.46  -1.13  34.11
A-T     0.00   0.00   3.40  -1.55   8.39  36.83
A-T     0.00   0.00   3.40   0.54  -3.29  30.57
A-T     0.00   0.00   3.40   1.96 -17.90  36.97
A-T     0.00   0.00   3.40   0.68   2.06  37.40
A-T     0.00   0.00   3.40  -1.29 -15.43  35.86
A-T     0.00   0.00   3.40  -1.23  -1.38  33.06
A-T     0.00   0.00   3.40  -1.15  14.54  40.14
A-T     0.00   0.00   3.40   1.24  10.76  27.61
A-T     0.00   0.00   3.40  -0.57   9.80  35.69
A-T     0.00   0.00   3.40   0.41 -19.08  33.94
A-T     0.00   0.00   3.40  -0.43 -13.27  33.50
A-T     0.00   0.00   3.40   0.63  -4.84  33.46
A-T     0.00   0.00   3.40  -0.68  -1.29  37.83
A-T     0.00   0.00   3.40   0.88 -12.97  33.84
A-T     0.00   0.00   3.40   0.39  -4.85  34.24
A-T     0.00   0.00   3.40  -0.36   4.78  38.86
A-T     0.00   0.00   3.40  -0.73  -3.18  34.88
A-T     0.00   0.00   3.40   0.71   7.55  37.56
A-T     0.00   0.00   3.40  -1.42   1.17  29.95
A-T     0.00   0.00   3.40   1.50  -2.22  41.31
A-T     0.00   0.00   3.40   0.03   0.05  42.67
A-T     0.00   0.00   3.40   0.05  10.17  31.09
A-T     0.00   0.00   3.40  -0.87  -5.09  34.65
A-T     0.00   0.00   3.40   0.08   4.02  41.57
A-T     0.00   0.00   3.40  -1.58  -4.33  35.78
A-T     0.00   0.00   3.40  -1.13   2.44  32.31
A-T     0.00   0.00   3.40  -0.95   5.47  34.09
A-T     0.00   0.00   3.40  -0.02  -1.57  37.71
A-T     0.00   0.00   3.40  -0.95   6.43  23.19
A-T     0.00   0.00   3.40   2.12   1.77  34.81
A-T     0.00   0.00   3.40   1.54  -2.56  36.57
A-T     0.00   0.00   3.40   0.23   0.29  30.18
A-T     0.00   0.00   3.40  -0.24  -3.37  33.06
A-T     0.00   0.00   3.40   1.00  -1.08  42.90
A-T     0.00   0.00   3.40  -0.45   8.13  33.58
A-T     0.00   0.00   3.40   1.24  -5.68  35.00
A-T     0.00   0.00   3.40   0.46   6.82  31.27
A-T     0.00   0.00   3.40   0.93   1.44  34.61
A-T     0.00   0.00   3.40  -1.58  -7.58  35.38
A-T     0.00   0.00   3.40  -0.14   4.77  39.28
A-T     0.00   0.00   3.40   0.35   3.05  36.02
A-T     0.00   0.00   3.40   0.52  11.37  36.93
A-T     0.00   0.00   3.40   1.69  -5.54  45.14
A-T     0.00   0.00   3.40  -1.08  -6.09  36.93
A-T     0.00   0.00   3.40   0.16   7.68  38.05
A-T     0.00   0.00   3.40  -0.25  16.43  35.19
A-T     0.00   0.00   3.40  -0.16   6.03  28.32
A-T     0.00   0.00   3.40   0.89  -0.16  27.97
A-T     0.00   0.00   3.40  -1.10   9.52  29.65
A-T     0.00   0.00   3.40   2.84  -0.34  31.02
A-T     0.00   0.00   3.40  -0.54  -3.05  34.41
A-T     0.00   0.00   3.40  -1.47   5.16  28.15
A-T     0.00   0.00   3.40   0.47  -2.33  33.33
