  300 base-pairs
   0  step parameters
      shift   slide    rise    tilt    roll   twist
A-T    0.00    0.00    0.00    0.00    0.00    0.00
A-T     0.00   0.00   3.40   0.56  -5.63  37.45
A-T     0.00   0.00   3.40   0.41  -2.46  34.63
A-T     0.00   0.00   3.40  -0.93   2.38  35.41
A-T     0.00   0.00   3.40   0.23  -0.95  37.89
A-T     0.00   0.00   3.40  -0.63  -5.18  35.04
A-T     0.00   0.00   3.40  -0.48  -3.78  34.84
A-T     0.00   0.00   3.40  -0.47   9.75  42.60
A-T     0.00   0.00   3.40  -2.06   8.22  30.37
A-T     0.00   0.00   3.40   0.18  13.42  38.40
A-T     0.00   0.00   3.40  -0.62  -6.59  36.75
A-T     0.00   0.00   3.40   1.34  -6.00  41.04
A-T     0.00   0.00   3.40   0.91  10.11  38.25
A-T     0.00   0.00   3.40   0.87   7.10  30.61
A-T     0.00   0.00   3.40   0.83  15.55  27.36
A-T     0.00   0.00   3.40  -0.14   2.85  34.05
A-T     0.00   0.00   3.40   0.01   7.97  33.23
A-T     0.00   0.00   3.40  -1.48   3.56  36.39
A-T     0.00   0.00   3.40  -0.29  -9.87  45.16
A-T     0.00   0.00   3.40   1.84  -4.05  38.94
A-T     0.00   0.00   3.40   0.00   0.02  34.64
A-T     0.00   0.00   3.40   1.68  -2.38  33.78
A-T     0.00   0.00   3.40   1.25   0.84  36.26
A-T     0.00   0.00   3.40  -1.01   2.81  25.44
A-T     0.00   0.00   3.40   0.29  14.59  31.24
A-T     0.00   0.00   3.40   1.53  -4.95  36.73
A-T     0.00   0.00   3.40  -0.05   1.58  25.88
A-T     0.00   0.00   3.40   0.95  -6.09  38.86
A-T     0.00   0.00   3.40   1.85  -5.53  31.49
A-T     0.00   0.00   3.40   1.71  -4.24  34.04
A-T     0.00   0.00   3.40  -0.49   0.01  28.17
A-T     0.00   0.00   3.40  -0.10  -2.88  28.07
A-T     0.00   0.00   3.40   0.05   2.53  30.60
A-T     0.00   0.00   3.40  -3.35  -9.90  41.12
A-T     0.00   0.00   3.40   0.86   6.84  33.83
A-T     0.00   0.00   3.40  -0.44   7.23  41.08
A-T     0.00   0.00   3.40   0.40   6.78  37.61
A-T     0.00   0.00   3.40  -1.14   1.95  41.47
A-T     0.00   0.00   3.40   0.91  -2.16  29.72
A-T     0.00   0.00   3.40   1.69  -5.49  31.38
A-T     0.00   0.00   3.40   0.41 -13.67  35.15
A-T     0.00   0.00   3.40  -1.57   0.92  36.10
A-T     0.00   0.00   3.40   0.85   6.37  28.56
A-T     0.00   0.00   3.40   1.92  10.37  37.66
A-T     0.00   0.00   3.40  -0.30  -5.12  35.81
A-T     0.00   0.00   3.40  -0.67   3.89  35.05
A-T     0.00   0.00   3.40  -1.01  -3.52  34.53
A-T     0.00   0.00   3.40  -2.25  -9.41  32.18
A-T     0.00   0.00   3.40   0.69  -0.41  34.98
A-T     0.00   0.00   3.40   0.34  -2.99  30.45
A-T     0.00   0.00   3.40  -0.38  -8.15  35.89
A-T     0.00   0.00   3.40   0.82   3.03  44.11
A-T     0.00   0.00   3.40   0.20  -9.22  35.69
A-T     0.00   0.00   3.40   0.63   9.46  30.88
A-T     0.00   0.00   3.40  -1.43   1.03  29.65
A-T     0.00   0.00   3.40  -1.79   4.03  41.67
A-T     0.00   0.00   3.40  -0.27   2.34  29.23
A-T     0.00   0.00   3.40   1.68   0.56  31.90
A-T     0.00   0.00   3.40   1.06  -6.11  42.94
A-T     0.00   0.00   3.40   1.08   6.79  35.57
A-T     0.00   0.00   3.40  -1.77  -9.45  30.21
A-T     0.00   0.00   3.40  -0.39  -6.96  39.92
A-T     0.00   0.00   3.40  -1.66  -0.51  33.89
A-T     0.00   0.00   3.40  -1.48   8.89  38.61
A-T     0.00   0.00   3.40  -0.54  10.19  38.52
A-T     0.00   0.00   3.40  -1.09   8.50  36.85
A-T     0.00   0.00   3.40   0.16  10.89  34.85
A-T     0.00   0.00   3.40  -0.35 -17.22  34.06
A-T     0.00   0.00   3.40  -0.80  -2.80  28.12
A-T     0.00   0.00   3.40  -0.66  -4.67  37.38
A-T     0.00   0.00   3.40   0.47 -13.54  27.37
A-T     0.00   0.00   3.40  -0.07   1.90  32.47
A-T     0.00   0.00   3.40  -1.60   2.87  39.91
A-T     0.00   0.00   3.40   2.02   5.13  28.97
A-T     0.00   0.00   3.40  -0.91   5.58  25.60
A-T     0.00   0.00   3.40   0.58  16.14  28.57
A-T     0.00   0.00   3.40  -0.29   7.04  44.66
A-T     0.00   0.00   3.40   0.33  -8.98  42.18
A-T     0.00   0.00   3.40  -0.65 -11.25  38.67
A-T     0.00   0.00   3.40   0.70   8.97  37.02
A-T     0.00   0.00   3.40  -1.28   2.52  30.41
A-T     0.00   0.00   3.40  -1.45  -3.16  34.73
A-T     0.00   0.00   3.40  -0.71  -1.92  34.30
A-T     0.00   0.00   3.40   0.59   7.83  41.08
A-T     0.00   0.00   3.40  -1.07  13.64  31.32
A-T     0.00   0.00   3.40   2.37  -5.82  35.68
A-T     0.00   0.00   3.40  -1.15   5.75  41.99
A-T     0.00   0.00   3.40   0.02  10.57  29.90
A-T     0.00   0.00   3.40   3.95   0.73  24.96
A-T     0.00   0.00   3.40   1.98  -3.56  31.78
A-T     0.00   0.00   3.40  -1.04  -3.84  38.06
A-T     0.00   0.00   3.40   0.55  -5.76  33.03
A-T     0.00   0.00   3.40   0.10   7.13  35.53
A-T     0.00   0.00   3.40   0.52  -4.78  27.78
A-T     0.00   0.00   3.40  -0.76  -4.70  38.89
A-T     0.00   0.00   3.40   1.16  -7.27  32.80
A-T     0.00   0.00   3.40   1.95  10.47  33.86
A-T     0.00   0.00   3.40   0.18   9.04  32.61
A-T     0.00   0.00   3.40   0.80   0.57  36.50
A-T     0.00   0.00   3.40  -1.20 -10.92  30.29
A-T     0.00   0.00   3.40  -0.64   4.10  41.16
A-T     0.00   0.00   3.40  -0.69   5.52  39.06
A-T     0.00   0.00   3.40  -0.87   3.02  34.83
A-T     0.00   0.00   3.40  -0.61  -3.32  35.81
A-T     0.00   0.00   3.40  -0.69  -2.28  34.44
A-T     0.00   0.00   3.40   0.26 -14.96  33.83
A-T     0.00   0.00   3.40   0.88  -5.52  39.89
A-T     0.00   0.00   3.40   0.85   1.79  41.11
A-T     0.00   0.00   3.40  -0.08   4.99  40.61
A-T     0.00   0.00   3.40  -1.06  -0.43  39.56
A-T     0.00   0.00   3.40   1.01   2.30  33.20
A-T     0.00   0.00   3.40  -0.07  -0.77  30.49
A-T     0.00   0.00   3.40  -0.01 -15.80  45.39
A-T     0.00   0.00   3.40   0.74   3.42  33.75
A-T     0.00   0.00   3.40  -0.10  -1.34  35.44
A-T     0.00   0.00   3.40  -0.49  12.49  37.95
A-T     0.00   0.00   3.40   0.67   8.80  47.39
A-T     0.00   0.00   3.40  -0.37   6.56  31.06
A-T     0.00   0.00   3.40   0.70 -14.25  36.74
A-T     0.00   0.00   3.40  -0.44   8.79  31.69
A-T     0.00   0.00   3.40  -1.91 -18.97  34.26
A-T     0.00   0.00   3.40   0.40   3.30  31.08
A-T     0.00   0.00   3.40  -1.63  -9.92  32.16
A-T     0.00   0.00   3.40  -0.51  -6.19  31.31
A-T     0.00   0.00   3.40  -0.02  -1.53  26.10
A-T     0.00   0.00   3.40  -1.19  11.10  26.39
A-T     0.00   0.00   3.40  -1.66  -0.69  30.39
A-T     0.00   0.00   3.40  -0.22  17.15  39.35
A-T     0.00   0.00   3.40   0.23  11.66  39.87
A-T     0.00   0.00   3.40   0.36   4.74  29.17
A-T     0.00   0.00   3.40   0.44   5.95  31.72
A-T     0.00   0.00   3.40  -0.53  -8.61  30.60
A-T     0.00   0.00   3.40   0.14  -9.20  27.78
A-T     0.00   0.00   3.40   2.25  -7.26  36.07
A-T     0.00   0.00   3.40   0.94  -0.64  34.25
A-T     0.00   0.00   3.40  -0.95   7.41  38.07
A-T     0.00   0.00   3.40  -0.11 -11.45  32.80
A-T     0.00   0.00   3.40  -0.35 -15.32  34.99
A-T     0.00   0.00   3.40   0.96 -14.79  34.67
A-T     0.00   0.00   3.40   1.12  -4.11  38.26
A-T     0.00   0.00   3.40  -0.59   0.14  27.27
A-T     0.00   0.00   3.40   0.19  -2.10  32.88
A-T     0.00   0.00   3.40  -0.08  20.92  41.17
A-T     0.00   0.00   3.40  -1.33   0.01  31.62
A-T     0.00   0.00   3.40  -0.93   5.38  32.39
A-T     0.00   0.00   3.40   0.52  -1.17  35.67
A-T     0.00   0.00   3.40  -1.29   1.47  39.56
A-T     0.00   0.00   3.40  -1.32  11.65  27.28
A-T     0.00   0.00   3.40  -0.42  10.24  41.47
A-T     0.00   0.00   3.40   0.28   4.65  32.90
A-T     0.00   0.00   3.40  -0.79  -2.14  38.64
A-T     0.00   0.00   3.40  -1.69  21.34  34.91
A-T     0.00   0.00   3.40  -0.22  -7.70  40.98
A-T     0.00   0.00   3.40  -0.23  -5.22  35.96
A-T     0.00   0.00   3.40   0.43  -8.73  31.17
A-T     0.00   0.00   3.40   0.43  -1.11  29.73
A-T     0.00   0.00   3.40  -2.42   1.27  32.14
A-T     0.00   0.00   3.40  -1.67  14.43  30.16
A-T     0.00   0.00   3.40   0.94   2.48  38.50
A-T     0.00   0.00   3.40   1.51  -1.99  39.59
A-T     0.00   0.00   3.40   0.34   4.31  41.05
A-T     0.00   0.00   3.40  -0.55   1.98  30.39
A-T     0.00   0.00   3.40   0.29  -9.30  40.17
A-T     0.00   0.00   3.40   1.18  -3.52  38.25
A-T     0.00   0.00   3.40  -2.21   0.84  39.68
A-T     0.00   0.00   3.40  -0.93  -2.16  35.71
A-T     0.00   0.00   3.40   2.10  -4.73  31.10
A-T     0.00   0.00   3.40  -0.73  10.51  36.36
A-T     0.00   0.00   3.40   0.44   6.91  32.05
A-T     0.00   0.00   3.40  -0.05   5.82  34.89
A-T     0.00   0.00   3.40   0.92   4.27  33.06
A-T     0.00   0.00   3.40   0.42   0.57  41.02
A-T     0.00   0.00   3.40   0.49  -7.66  41.15
A-T     0.00   0.00   3.40  -0.85  -1.81  36.33
A-T     0.00   0.00   3.40  -0.84   1.99  34.16
A-T     0.00   0.00   3.40   0.50 -10.74  34.33
A-T     0.00   0.00   3.40  -0.32  -7.20  39.52
A-T     0.00   0.00   3.40  -0.90   7.26  38.54
A-T     0.00   0.00   3.40  -1.03   2.67  28.61
A-T     0.00   0.00   3.40  -0.92  -0.58  32.85
A-T     0.00   0.00   3.40   0.19   5.10  42.53
A-T     0.00   0.00   3.40   0.88  -0.88  27.73
A-T     0.00   0.00   3.40   1.63  -7.57  28.14
A-T     0.00   0.00   3.40   0.14  -0.20  39.37
A-T     0.00   0.00   3.40   0.24  -7.37  33.04
A-T     0.00   0.00   3.40  -0.17   7.92  26.93
A-T     0.00   0.00   3.40  -2.01   2.36  32.53
A-T     0.00   0.00   3.40   0.30  -1.61  30.46
A-T     0.00   0.00   3.40  -2.20   3.47  36.39
A-T     0.00   0.00   3.40   0.21   8.58  34.57
A-T     0.00   0.00   3.40   1.39   2.00  38.53
A-T     0.00   0.00   3.40  -1.20   8.97  33.18
A-T     0.00   0.00   3.40  -0.28  -3.55  33.35
A-T     0.00   0.00   3.40   2.38  -5.02  38.43
A-T     0.00   0.00   3.40  -1.96  -2.69  32.18
A-T     0.00   0.00   3.40  -0.24 -17.35  28.75
A-T     0.00   0.00   3.40  -0.12  -1.69  37.51
A-T     0.00   0.00   3.40   1.02  15.04  35.14
A-T     0.00   0.00   3.40  -2.56   1.64  41.65
A-T     0.00   0.00   3.40   1.57  13.72  32.21
A-T     0.00   0.00   3.40   1.28  -5.87  33.29
A-T     0.00   0.00   3.40  -0.27   9.88  40.94
A-T     0.00   0.00   3.40  -1.89   1.69  37.83
A-T     0.00   0.00   3.40  -0.42  13.57  32.70
A-T     0.00   0.00   3.40   0.90  -6.93  30.04
A-T     0.00   0.00   3.40  -0.47  -0.06  30.92
A-T     0.00   0.00   3.40   0.36  -6.34  27.15
A-T     0.00   0.00   3.40  -0.89  -2.11  43.06
A-T     0.00   0.00   3.40   1.90   2.15  38.81
A-T     0.00   0.00   3.40  -0.35   8.03  31.44
A-T     0.00   0.00   3.40   3.47  10.24  31.94
A-T     0.00   0.00   3.40   0.19  -4.59  40.36
A-T     0.00   0.00   3.40   1.27 -10.07  44.94
A-T     0.00   0.00   3.40   0.19   3.90  25.81
A-T     0.00   0.00   3.40  -1.41   1.34  41.48
A-T     0.00   0.00   3.40  -0.15  -0.27  33.03
A-T     0.00   0.00   3.40   2.27  -8.68  35.50
A-T     0.00   0.00   3.40   0.40   0.63  36.79
A-T     0.00   0.00   3.40  -0.99   8.83  29.27
A-T     0.00   0.00   3.40  -1.85   6.35  39.68
A-T     0.00   0.00   3.40   0.84  10.10  33.98
A-T     0.00   0.00   3.40  -0.33  -4.41  37.78
A-T     0.00   0.00   3.40   1.41   3.22  31.58
A-T     0.00   0.00   3.40  -0.61  -8.52  29.58
A-T     0.00   0.00   3.40  -0.90   5.73  34.04
A-T     0.00   0.00   3.40  -0.41  -0.52  37.45
A-T     0.00   0.00   3.40  -1.65   4.71  34.04
A-T     0.00   0.00   3.40   0.62   2.41  34.61
A-T     0.00   0.00   3.40   0.25  -8.20  28.77
A-T     0.00   0.00   3.40  -0.60   3.14  36.24
A-T     0.00   0.00   3.40  -0.24   6.88  35.77
A-T     0.00   0.00   3.40   0.83   8.56  32.75
A-T     0.00   0.00   3.40  -0.73   3.91  35.93
A-T     0.00   0.00   3.40  -2.32   8.21  38.16
A-T     0.00   0.00   3.40   0.69   1.92  30.98
A-T     0.00   0.00   3.40  -1.49  -7.86  39.22
A-T     0.00   0.00   3.40  -0.29  -5.11  40.10
A-T     0.00   0.00   3.40  -1.61   2.87  32.69
A-T     0.00   0.00   3.40  -0.63   2.68  35.42
A-T     0.00   0.00   3.40  -0.92 -10.95  41.50
A-T     0.00   0.00   3.40  -1.05  -2.27  28.84
A-T     0.00   0.00   3.40  -0.24   5.57  35.63
A-T     0.00   0.00   3.40  -0.75   6.29  37.35
A-T     0.00   0.00   3.40  -0.19   2.01  30.55
A-T     0.00   0.00   3.40   0.15  17.65  34.73
A-T     0.00   0.00   3.40   0.50   3.61  34.55
A-T     0.00   0.00   3.40   0.42  -0.37  34.36
A-T     0.00   0.00   3.40  -1.56   7.46  36.81
A-T     0.00   0.00   3.40   0.53  -3.24  30.42
A-T     0.00   0.00   3.40   2.00 -18.20  37.11
A-T     0.00   0.00   3.40   0.67   2.84  37.46
A-T     0.00   0.00   3.40  -1.16 -15.86  35.88
A-T     0.00   0.00   3.40  -1.22   0.11  33.20
A-T     0.00   0.00   3.40  -1.04  13.95  40.39
A-T     0.00   0.00   3.40   1.26  11.97  27.74
A-T     0.00   0.00   3.40  -0.52   9.74  35.92
A-T     0.00   0.00   3.40   0.32 -17.95  34.10
A-T     0.00   0.00   3.40  -0.52 -12.76  33.40
A-T     0.00   0.00   3.40   0.57  -4.31  33.18
A-T     0.00   0.00   3.40  -0.74  -1.01  37.86
A-T     0.00   0.00   3.40   0.97 -13.90  33.57
A-T     0.00   0.00   3.40   0.38  -5.10  34.05
A-T     0.00   0.00   3.40  -0.43   4.21  38.70
A-T     0.00   0.00   3.40  -0.72  -3.76  34.80
A-T     0.00   0.00   3.40   0.75   7.60  37.35
A-T     0.00   0.00   3.40  -1.33   1.11  29.90
A-T     0.00   0.00   3.40   1.51  -1.25  41.33
A-T     0.00   0.00   3.40   0.03   0.11  43.03
A-T     0.00   0.00   3.40   0.06  10.50  31.44
A-T     0.00   0.00   3.40  -0.88  -4.23  35.39
A-T     0.00   0.00   3.40   0.14   4.31  41.14
A-T     0.00   0.00   3.40  -1.45  -4.81  36.16
A-T     0.00   0.00   3.40  -0.94   2.21  32.81
A-T     0.00   0.00   3.40  -0.81   6.50  33.92
A-T     0.00   0.00   3.40  -0.01  -1.57  37.35
A-T     0.00   0.00   3.40  -1.00   7.19  23.66
A-T     0.00   0.00   3.40   2.07   1.43  36.24
A-T     0.00   0.00   3.40   1.50  -1.43  36.75
A-T     0.00   0.00   3.40   0.19  -0.64  30.40
A-T     0.00   0.00   3.40  -0.23  -3.49  30.88
A-T     0.00   0.00   3.40   0.84   0.06  42.57
A-T     0.00   0.00   3.40  -0.16   8.51  33.89
A-T     0.00   0.00   3.40   1.48  -4.00  31.70
A-T     0.00   0.00   3.40   0.50   3.90  30.58
A-T     0.00   0.00   3.40  -0.21   0.24  33.62
A-T     0.00   0.00   3.40  -1.61  -7.57  37.73
A-T     0.00   0.00   3.40   0.22   5.27  39.41
A-T     0.00   0.00   3.40  -0.21   7.25  34.96
A-T     0.00   0.00   3.40  -0.56   6.95  34.45
A-T     0.00   0.00   3.40   1.60  -1.10  44.84
A-T     0.00   0.00   3.40  -0.35  -3.06  39.61
A-T     0.00   0.00   3.40   0.94  14.17  32.92
A-T     0.00   0.00   3.40  -1.25   3.86  39.69
A-T     0.00   0.00   3.40  -0.19   2.43  30.45
A-T     0.00   0.00   3.40   0.92   0.95  31.42
A-T     0.00   0.00   3.40  -0.41   5.29  33.95
A-T     0.00   0.00   3.40   2.01   6.40  32.36
A-T     0.00   0.00   3.40  -0.44  -6.03  41.00
A-T     0.00   0.00   3.40  -0.75  -6.82  33.71
A-T     0.00   0.00   3.40   0.46  -2.11  32.82
