  300 base-pairs
   0  step parameters
      shift   slide    rise    tilt    roll   twist
A-T    0.00    0.00    0.00    0.00    0.00    0.00
A-T     0.00   0.00   3.40   0.00 -17.03  38.69
A-T     0.00   0.00   3.40   1.56   6.21  37.21
A-T     0.00   0.00   3.40  -3.17   1.11  31.68
A-T     0.00   0.00   3.40  -0.52   7.46  34.84
A-T     0.00   0.00   3.40  -1.01  15.32  31.09
A-T     0.00   0.00   3.40  -0.64  12.13  29.32
A-T     0.00   0.00   3.40   2.64   2.24  41.27
A-T     0.00   0.00   3.40   0.68  -7.45  32.59
A-T     0.00   0.00   3.40  -0.04   2.32  37.22
A-T     0.00   0.00   3.40  -2.08   6.76  30.08
A-T     0.00   0.00   3.40   2.43  -6.55  33.72
A-T     0.00   0.00   3.40  -0.65   1.00  40.47
A-T     0.00   0.00   3.40  -0.50   4.99  40.09
A-T     0.00   0.00   3.40   0.36  -2.67  29.99
A-T     0.00   0.00   3.40  -0.43   2.10  38.56
A-T     0.00   0.00   3.40  -0.46  -9.78  31.74
A-T     0.00   0.00   3.40  -1.41  -1.57  28.05
A-T     0.00   0.00   3.40  -0.19   5.09  38.19
A-T     0.00   0.00   3.40   1.08  -5.90  31.61
A-T     0.00   0.00   3.40   1.89   2.17  30.80
A-T     0.00   0.00   3.40   2.05   0.20  35.29
A-T     0.00   0.00   3.40   0.24   0.99  37.84
A-T     0.00   0.00   3.40  -1.32  13.36  26.18
A-T     0.00   0.00   3.40   0.68  10.01  30.62
A-T     0.00   0.00   3.40   1.27  -0.72  37.93
A-T     0.00   0.00   3.40  -0.51   4.49  32.84
A-T     0.00   0.00   3.40   1.27  -7.50  38.69
A-T     0.00   0.00   3.40   0.90 -10.51  26.97
A-T     0.00   0.00   3.40   0.94   1.01  30.15
A-T     0.00   0.00   3.40  -1.18  -1.31  26.41
A-T     0.00   0.00   3.40   0.52  -2.17  29.23
A-T     0.00   0.00   3.40  -0.52   1.61  30.00
A-T     0.00   0.00   3.40  -3.95  -7.63  38.95
A-T     0.00   0.00   3.40   1.80   3.98  33.54
A-T     0.00   0.00   3.40  -0.08   5.17  41.16
A-T     0.00   0.00   3.40   0.50   6.37  37.52
A-T     0.00   0.00   3.40  -0.25  -0.63  40.07
A-T     0.00   0.00   3.40   1.23  -3.93  26.71
A-T     0.00   0.00   3.40   1.54  -4.41  32.07
A-T     0.00   0.00   3.40   0.30 -12.89  34.71
A-T     0.00   0.00   3.40  -0.48  -0.80  37.78
A-T     0.00   0.00   3.40   0.56   5.60  28.83
A-T     0.00   0.00   3.40   2.04   5.90  38.87
A-T     0.00   0.00   3.40  -0.50  -5.81  36.63
A-T     0.00   0.00   3.40  -0.86   3.21  34.86
A-T     0.00   0.00   3.40  -1.17  -3.70  34.49
A-T     0.00   0.00   3.40  -2.13 -10.06  32.65
A-T     0.00   0.00   3.40   0.73  -0.92  34.99
A-T     0.00   0.00   3.40   1.19  -4.19  32.97
A-T     0.00   0.00   3.40  -0.19  -9.04  36.13
A-T     0.00   0.00   3.40   0.55   2.57  44.36
A-T     0.00   0.00   3.40   0.01 -12.43  38.06
A-T     0.00   0.00   3.40   0.81   7.81  29.95
A-T     0.00   0.00   3.40  -1.48   0.73  28.78
A-T     0.00   0.00   3.40  -0.98   4.33  40.97
A-T     0.00   0.00   3.40  -0.39   2.94  29.70
A-T     0.00   0.00   3.40   1.71  -1.63  30.18
A-T     0.00   0.00   3.40   0.79  -8.16  40.57
A-T     0.00   0.00   3.40   0.90   7.34  35.64
A-T     0.00   0.00   3.40  -2.13  -9.35  30.40
A-T     0.00   0.00   3.40  -0.39  -5.97  39.98
A-T     0.00   0.00   3.40  -1.85   0.75  33.57
A-T     0.00   0.00   3.40  -1.45   8.18  39.25
A-T     0.00   0.00   3.40  -0.46  10.74  38.31
A-T     0.00   0.00   3.40  -1.25   7.70  37.40
A-T     0.00   0.00   3.40   0.02  10.16  34.35
A-T     0.00   0.00   3.40   0.98 -16.97  33.92
A-T     0.00   0.00   3.40  -0.75  -2.49  27.99
A-T     0.00   0.00   3.40  -0.73  -4.91  37.17
A-T     0.00   0.00   3.40   0.64 -13.58  26.98
A-T     0.00   0.00   3.40  -0.10   2.15  32.79
A-T     0.00   0.00   3.40  -2.04   1.23  40.28
A-T     0.00   0.00   3.40   1.86   4.89  29.14
A-T     0.00   0.00   3.40  -0.91   5.33  25.42
A-T     0.00   0.00   3.40   0.66  16.40  29.02
A-T     0.00   0.00   3.40  -0.20   5.76  44.04
A-T     0.00   0.00   3.40   0.79 -10.68  42.09
A-T     0.00   0.00   3.40  -0.61 -10.56  38.79
A-T     0.00   0.00   3.40   0.70   9.42  37.18
A-T     0.00   0.00   3.40  -1.29   2.72  29.98
A-T     0.00   0.00   3.40  -1.75  -4.64  34.80
A-T     0.00   0.00   3.40  -0.80  -2.14  34.49
A-T     0.00   0.00   3.40   0.19   8.92  40.71
A-T     0.00   0.00   3.40  -1.03  13.14  31.76
A-T     0.00   0.00   3.40   2.56  -4.55  36.04
A-T     0.00   0.00   3.40  -1.57   5.92  42.41
A-T     0.00   0.00   3.40   0.74   9.92  30.67
A-T     0.00   0.00   3.40   3.70  -0.72  25.38
A-T     0.00   0.00   3.40   1.38  -4.79  32.60
A-T     0.00   0.00   3.40  -1.12  -3.54  38.39
A-T     0.00   0.00   3.40   0.41  -6.56  33.03
A-T     0.00   0.00   3.40   0.07   6.86  35.89
A-T     0.00   0.00   3.40   0.62  -5.46  27.16
A-T     0.00   0.00   3.40  -0.83  -3.26  39.23
A-T     0.00   0.00   3.40   1.22  -7.93  33.34
A-T     0.00   0.00   3.40   1.76   9.75  34.01
A-T     0.00   0.00   3.40   0.24   7.96  32.47
A-T     0.00   0.00   3.40   0.79   1.56  36.51
A-T     0.00   0.00   3.40  -1.35 -11.87  29.92
A-T     0.00   0.00   3.40  -0.60   2.96  41.16
A-T     0.00   0.00   3.40  -0.84   6.73  38.99
A-T     0.00   0.00   3.40  -0.74   2.39  34.35
A-T     0.00   0.00   3.40  -0.08  -3.07  35.98
A-T     0.00   0.00   3.40  -0.68  -3.51  35.29
A-T     0.00   0.00   3.40   0.27 -16.15  34.42
A-T     0.00   0.00   3.40   0.84  -6.41  39.67
A-T     0.00   0.00   3.40   1.07   2.43  41.46
A-T     0.00   0.00   3.40  -0.05   5.27  40.44
A-T     0.00   0.00   3.40  -0.97   0.18  40.53
A-T     0.00   0.00   3.40   1.06   3.75  33.48
A-T     0.00   0.00   3.40  -0.20   0.61  30.76
A-T     0.00   0.00   3.40   0.34 -17.02  45.41
A-T     0.00   0.00   3.40   0.77   4.71  34.07
A-T     0.00   0.00   3.40  -0.14  -1.98  35.36
A-T     0.00   0.00   3.40  -0.34  13.27  37.81
A-T     0.00   0.00   3.40   0.42   9.53  47.59
A-T     0.00   0.00   3.40  -0.23   5.76  30.68
A-T     0.00   0.00   3.40   0.64 -13.21  36.20
A-T     0.00   0.00   3.40  -0.47   6.69  31.61
A-T     0.00   0.00   3.40  -1.84 -18.28  34.27
A-T     0.00   0.00   3.40   0.35   3.75  30.86
A-T     0.00   0.00   3.40  -1.70 -11.43  31.35
A-T     0.00   0.00   3.40  -0.36  -5.18  30.56
A-T     0.00   0.00   3.40  -0.04  -1.03  25.69
A-T     0.00   0.00   3.40  -1.08  12.42  26.52
A-T     0.00   0.00   3.40  -1.61  -0.73  30.91
A-T     0.00   0.00   3.40  -0.07  17.86  39.86
A-T     0.00   0.00   3.40   0.45  10.87  39.62
A-T     0.00   0.00   3.40   0.39   3.73  29.18
A-T     0.00   0.00   3.40   0.55   5.18  31.35
A-T     0.00   0.00   3.40  -0.48 -10.05  30.18
A-T     0.00   0.00   3.40   0.14 -10.40  27.44
A-T     0.00   0.00   3.40   2.25  -7.96  35.97
A-T     0.00   0.00   3.40   0.95  -0.77  34.10
A-T     0.00   0.00   3.40  -0.89   8.06  38.12
A-T     0.00   0.00   3.40  -0.06 -11.13  32.61
A-T     0.00   0.00   3.40  -0.17 -16.44  34.47
A-T     0.00   0.00   3.40   1.39 -15.54  34.20
A-T     0.00   0.00   3.40   1.18  -4.13  38.24
A-T     0.00   0.00   3.40  -0.73  -0.02  27.91
A-T     0.00   0.00   3.40   0.56  -1.17  32.50
A-T     0.00   0.00   3.40  -0.31  21.50  41.11
A-T     0.00   0.00   3.40  -1.29   0.05  31.53
A-T     0.00   0.00   3.40  -1.03   5.64  33.09
A-T     0.00   0.00   3.40   0.42  -0.62  35.62
A-T     0.00   0.00   3.40  -1.44  -0.09  39.61
A-T     0.00   0.00   3.40  -1.15  11.65  26.08
A-T     0.00   0.00   3.40  -0.50  11.62  41.82
A-T     0.00   0.00   3.40   0.44   5.18  33.06
A-T     0.00   0.00   3.40  -0.66   0.49  38.92
A-T     0.00   0.00   3.40  -1.63  21.55  35.11
A-T     0.00   0.00   3.40  -0.31  -7.79  40.46
A-T     0.00   0.00   3.40  -0.02  -4.26  35.54
A-T     0.00   0.00   3.40   0.59  -8.24  31.06
A-T     0.00   0.00   3.40   0.52  -1.14  29.45
A-T     0.00   0.00   3.40  -2.52   0.59  31.99
A-T     0.00   0.00   3.40  -1.85  15.61  30.25
A-T     0.00   0.00   3.40   1.01   0.81  38.70
A-T     0.00   0.00   3.40   1.51  -2.72  39.47
A-T     0.00   0.00   3.40   0.40   4.55  41.41
A-T     0.00   0.00   3.40  -0.54  -0.03  29.38
A-T     0.00   0.00   3.40   0.40  -9.39  40.71
A-T     0.00   0.00   3.40   1.09  -3.26  38.20
A-T     0.00   0.00   3.40  -2.06  -0.78  40.03
A-T     0.00   0.00   3.40  -0.96  -0.84  36.52
A-T     0.00   0.00   3.40   2.08  -3.49  30.69
A-T     0.00   0.00   3.40  -0.79  11.80  36.95
A-T     0.00   0.00   3.40   0.32   7.05  31.86
A-T     0.00   0.00   3.40   0.01   4.95  35.34
A-T     0.00   0.00   3.40   0.76   6.24  33.35
A-T     0.00   0.00   3.40   0.46   1.08  40.93
A-T     0.00   0.00   3.40   0.41  -7.02  42.01
A-T     0.00   0.00   3.40  -0.81  -2.85  35.66
A-T     0.00   0.00   3.40  -0.84   2.22  34.86
A-T     0.00   0.00   3.40   0.38 -10.40  34.41
A-T     0.00   0.00   3.40  -0.25  -6.93  38.92
A-T     0.00   0.00   3.40  -0.97   6.28  39.23
A-T     0.00   0.00   3.40  -1.11   3.06  28.63
A-T     0.00   0.00   3.40  -0.83  -1.08  32.25
A-T     0.00   0.00   3.40   0.21   4.82  42.61
A-T     0.00   0.00   3.40   1.10  -1.04  27.76
A-T     0.00   0.00   3.40   1.67  -7.47  28.25
A-T     0.00   0.00   3.40   0.18   0.41  38.79
A-T     0.00   0.00   3.40   0.29  -9.64  32.54
A-T     0.00   0.00   3.40  -0.19   8.27  27.29
A-T     0.00   0.00   3.40  -2.07   0.50  31.80
A-T     0.00   0.00   3.40   0.17  -2.39  31.50
A-T     0.00   0.00   3.40  -2.10   4.90  36.03
A-T     0.00   0.00   3.40   0.23   9.81  34.43
A-T     0.00   0.00   3.40   1.48   0.02  38.43
A-T     0.00   0.00   3.40  -1.21   8.20  33.67
A-T     0.00   0.00   3.40  -0.10  -3.03  33.43
A-T     0.00   0.00   3.40   2.56  -5.88  38.74
A-T     0.00   0.00   3.40  -1.84  -1.79  32.33
A-T     0.00   0.00   3.40  -0.26 -15.78  28.54
A-T     0.00   0.00   3.40  -0.01  -3.14  37.16
A-T     0.00   0.00   3.40   1.03  15.22  34.48
A-T     0.00   0.00   3.40  -2.62   2.32  40.41
A-T     0.00   0.00   3.40   1.51  14.25  32.89
A-T     0.00   0.00   3.40   1.26  -6.04  32.48
A-T     0.00   0.00   3.40  -0.43   9.82  40.33
A-T     0.00   0.00   3.40  -1.75   2.44  38.13
A-T     0.00   0.00   3.40  -0.32  13.29  32.56
A-T     0.00   0.00   3.40   0.96  -6.26  29.54
A-T     0.00   0.00   3.40  -0.49  -1.57  30.89
A-T     0.00   0.00   3.40   0.37  -6.26  26.90
A-T     0.00   0.00   3.40  -0.89  -1.13  42.80
A-T     0.00   0.00   3.40   1.82   1.31  38.54
A-T     0.00   0.00   3.40  -0.33   8.03  31.24
A-T     0.00   0.00   3.40   3.58   8.86  32.17
A-T     0.00   0.00   3.40   0.21  -5.32  39.95
A-T     0.00   0.00   3.40   1.32 -11.33  44.17
A-T     0.00   0.00   3.40   0.25   4.03  25.02
A-T     0.00   0.00   3.40  -1.18   2.21  41.37
A-T     0.00   0.00   3.40  -0.04  -0.35  32.63
A-T     0.00   0.00   3.40   2.33  -8.27  35.01
A-T     0.00   0.00   3.40   0.22   1.27  36.91
A-T     0.00   0.00   3.40  -0.84   6.98  29.30
A-T     0.00   0.00   3.40  -1.79   7.67  39.68
A-T     0.00   0.00   3.40   0.80  11.15  34.00
A-T     0.00   0.00   3.40  -0.26  -3.45  38.20
A-T     0.00   0.00   3.40   1.51   2.35  32.25
A-T     0.00   0.00   3.40  -0.62  -8.61  29.87
A-T     0.00   0.00   3.40  -0.74   6.43  33.99
A-T     0.00   0.00   3.40  -0.45  -1.98  37.43
A-T     0.00   0.00   3.40  -1.50   2.12  34.11
A-T     0.00   0.00   3.40   0.45   2.26  34.73
A-T     0.00   0.00   3.40   0.07  -8.79  28.89
A-T     0.00   0.00   3.40  -0.48   2.01  37.22
A-T     0.00   0.00   3.40  -0.18   5.16  35.99
A-T     0.00   0.00   3.40   0.72   7.83  32.43
A-T     0.00   0.00   3.40  -0.71   3.63  36.12
A-T     0.00   0.00   3.40  -2.29   9.86  38.17
A-T     0.00   0.00   3.40   0.78   1.77  30.62
A-T     0.00   0.00   3.40  -1.44  -6.86  39.46
A-T     0.00   0.00   3.40  -0.37  -6.90  39.92
A-T     0.00   0.00   3.40  -1.54   3.04  31.90
A-T     0.00   0.00   3.40  -0.54   3.38  35.35
A-T     0.00   0.00   3.40  -0.79 -10.72  41.51
A-T     0.00   0.00   3.40  -1.00  -4.19  28.78
A-T     0.00   0.00   3.40  -0.10   5.84  35.65
A-T     0.00   0.00   3.40  -0.70   7.59  37.18
A-T     0.00   0.00   3.40  -0.19   4.42  31.12
A-T     0.00   0.00   3.40   0.10  15.58  34.88
A-T     0.00   0.00   3.40   0.46   2.33  33.84
A-T     0.00   0.00   3.40   0.43  -1.11  34.62
A-T     0.00   0.00   3.40  -1.48   8.49  36.53
A-T     0.00   0.00   3.40   0.51  -2.94  30.45
A-T     0.00   0.00   3.40   2.02 -18.56  37.24
A-T     0.00   0.00   3.40   0.67   1.87  37.52
A-T     0.00   0.00   3.40  -1.32 -15.09  35.77
A-T     0.00   0.00   3.40  -1.25   0.74  33.17
A-T     0.00   0.00   3.40  -1.12  12.95  39.94
A-T     0.00   0.00   3.40   1.25  10.53  27.58
A-T     0.00   0.00   3.40  -0.50   9.84  35.73
A-T     0.00   0.00   3.40   0.45 -18.54  34.28
A-T     0.00   0.00   3.40  -0.51 -13.46  33.83
A-T     0.00   0.00   3.40   0.63  -5.18  33.31
A-T     0.00   0.00   3.40  -0.64  -0.82  38.04
A-T     0.00   0.00   3.40   0.85 -13.30  34.34
A-T     0.00   0.00   3.40   0.47  -4.17  34.80
A-T     0.00   0.00   3.40  -0.52   4.19  39.34
A-T     0.00   0.00   3.40  -0.74  -3.81  35.00
A-T     0.00   0.00   3.40   0.76   8.39  38.05
A-T     0.00   0.00   3.40  -1.36   1.22  30.04
A-T     0.00   0.00   3.40   1.43  -3.12  40.88
A-T     0.00   0.00   3.40   0.05  -0.44  42.76
A-T     0.00   0.00   3.40  -0.05   9.73  30.64
A-T     0.00   0.00   3.40  -0.90  -4.77  34.69
A-T     0.00   0.00   3.40   0.08   4.12  41.56
A-T     0.00   0.00   3.40  -1.55  -3.56  35.73
A-T     0.00   0.00   3.40  -1.15   2.44  32.15
A-T     0.00   0.00   3.40  -1.05   5.46  34.78
A-T     0.00   0.00   3.40   0.01  -1.25  37.31
A-T     0.00   0.00   3.40  -0.60   6.09  22.79
A-T     0.00   0.00   3.40   1.60   2.50  34.69
A-T     0.00   0.00   3.40   1.65  -3.05  36.54
A-T     0.00   0.00   3.40   0.24   0.19  30.70
A-T     0.00   0.00   3.40   0.10  -3.75  34.74
A-T     0.00   0.00   3.40   1.07   0.02  41.17
A-T     0.00   0.00   3.40  -0.46   9.11  33.46
A-T     0.00   0.00   3.40   1.52  -5.92  37.09
A-T     0.00   0.00   3.40   0.83   7.81  33.00
A-T     0.00   0.00   3.40   1.33  -0.31  35.27
A-T     0.00   0.00   3.40  -1.49  -8.20  33.73
A-T     0.00   0.00   3.40  -0.17   4.29  39.27
A-T     0.00   0.00   3.40   0.40   2.44  36.34
A-T     0.00   0.00   3.40   0.74  12.70  38.00
A-T     0.00   0.00   3.40   1.92  -5.76  45.06
A-T     0.00   0.00   3.40  -0.28  -5.67  34.78
A-T     0.00   0.00   3.40   0.45   3.30  36.23
A-T     0.00   0.00   3.40  -0.27   6.28  33.67
A-T     0.00   0.00   3.40   0.50  14.69  34.35
A-T     0.00   0.00   3.40  -0.59   0.07  31.70
A-T     0.00   0.00   3.40  -2.37   5.30  29.12
A-T     0.00   0.00   3.40   0.03  10.84  35.18
A-T     0.00   0.00   3.40   0.20  -1.19  30.21
A-T     0.00   0.00   3.40  -0.68  -6.10  33.79
A-T     0.00   0.00   3.40   0.21   7.61  27.10
